    unsorted:	 53.20667743 53.20667743 53.20667743 53.20667743 53.20667743 23117.80169 22632.79336 22161.66803 21215.39266 24054.38276 20277.65370 25549.98051 25964.88288 18873.56130 18383.24593 28667.85122 28205.14898 29948.06095 30516.26053 14891.05788 14311.12435 12568.68500 12079.29387 11297.36827 10943.41291 10007.35661 8030.523652 6260.637276 34367.03463 4144.825603 2931.691600 2363.806915 1405.013016 37474.14858 36957.99201 38039.58572 39457.07230 695.6159497 42324.05370 51783.01979 75192.65001 88881.42976 134681.6033 193688.6876 221710.1594 327991.8554 457862.6205 6254790.843
      sorted:	 53.20667743 53.20667743 53.20667743 53.20667743 53.20667743 695.6159497 1405.013016 2363.806915 2931.691600 4144.825603 6260.637276 8030.523652 10007.35661 10943.41291 11297.36827 12079.29387 12568.68500 14311.12435 14891.05788 18383.24593 18873.56130 20277.65370 21215.39266 22161.66803 22632.79336 23117.80169 24054.38276 25549.98051 25964.88288 28205.14898 28667.85122 29948.06095 30516.26053 34367.03463 36957.99201 37474.14858 38039.58572 39457.07230 42324.05370 51783.01979 75192.65001 88881.42976 134681.6033 193688.6876 221710.1594 327991.8554 457862.6205 6254790.843
