    unsorted:	 246.7401105 246.7401105 246.7401105 246.7401105 246.7401105 0.5430855606 15.10114653 5.034463269 296.6339935 41716.60398 42554.92521 43128.27543 40415.27949 33800.27988 22594.75350 28007.76307 25954.84189 20151.17097 16090.47156 14192.37094 11500.62611 8264.575626 6574.126283 51855.77296 57318.56892 55332.59419 59601.97588 63595.26903 74513.79489 76052.93893 79310.11029 83393.00802 85044.40059 87404.55505 101398.8960 109170.8084 110869.4797 117336.3726 121194.4839 131644.2801 137817.0172 143400.2839 148983.9325 558718.6286 1215857.495 4147263.565
      sorted:	 0.5430855606 5.034463269 15.10114653 246.7401105 246.7401105 246.7401105 246.7401105 246.7401105 296.6339935 6574.126283 8264.575626 11500.62611 14192.37094 16090.47156 20151.17097 22594.75350 25954.84189 28007.76307 33800.27988 40415.27949 41716.60398 42554.92521 43128.27543 51855.77296 55332.59419 57318.56892 59601.97588 63595.26903 74513.79489 76052.93893 79310.11029 83393.00802 85044.40059 87404.55505 101398.8960 109170.8084 110869.4797 117336.3726 121194.4839 131644.2801 137817.0172 143400.2839 148983.9325 558718.6286 1215857.495 4147263.565
