    unsorted:	 246.7401105 246.7401105 246.7401105 246.7401105 246.7401105 0.09928850044 195.6260811 290.7834125 101.7825460 520.6336454 856.4741114 6582.607242 9468.149078 11526.94440 15741.50664 22024.70894 23137.28477 28919.55588 32246.75898 37009.49348 40388.47620 48150.26977 50326.17652 52591.35916 54781.57936 60296.65039 70372.02915 78436.80380 85630.10122 86392.91999 96560.09807 96204.43322 109553.4721 121104.2160 135522.3148 140316.6083 145566.7936 149526.6622 172996.4755 837729.7063 32801740.09
      sorted:	 0.09928850044 101.7825460 195.6260811 246.7401105 246.7401105 246.7401105 246.7401105 246.7401105 290.7834125 520.6336454 856.4741114 6582.607242 9468.149078 11526.94440 15741.50664 22024.70894 23137.28477 28919.55588 32246.75898 37009.49348 40388.47620 48150.26977 50326.17652 52591.35916 54781.57936 60296.65039 70372.02915 78436.80380 85630.10122 86392.91999 96204.43322 96560.09807 109553.4721 121104.2160 135522.3148 140316.6083 145566.7936 149526.6622 172996.4755 837729.7063 32801740.09
