EwEVersion,"6.6.5.17207 (compiled 12/14/2020)"
Date,"3/7/2022 8:32:05 PM"
ModelName,"NWACS AM 7ages base run"
EcosimScenario,base_run1
TimeSeries,"copyUpdated NWACS MICE 5 v2-1-6-Time series grid"
StartYear,1985

Data,"Prey of anchovies"

timestep\group,benthos,zooplankton,phytoplankton,Detritus,
1,0.1009808,0.6840592,0.1549703,0.05998959
2,0.1013183,0.6831188,0.155397,0.06016593
3,0.1011845,0.6834047,0.1553186,0.0600921
4,0.1014032,0.6827719,0.155612,0.06021276
5,0.1011765,0.6833276,0.155395,0.060101
6,0.1009533,0.6839585,0.1550863,0.06000185
7,0.1010771,0.6836829,0.1551753,0.06006474
8,0.1012508,0.6832078,0.1553941,0.06014735
9,0.1013766,0.682815,0.1556014,0.06020707
10,0.1010483,0.6836597,0.1552415,0.0600506
11,0.1010419,0.6837274,0.1551825,0.06004813
12,0.1015446,0.6823457,0.1557939,0.06031583
13,0.1013003,0.682915,0.1556088,0.06017594
14,0.1010122,0.6837022,0.1552439,0.06004162
15,0.1010707,0.683603,0.1552512,0.0600751
16,0.1009035,0.6840856,0.1550189,0.05999208
17,0.1007503,0.6845626,0.1547671,0.05991998
18,0.1009423,0.6840999,0.1549454,0.06001232
19,0.1008971,0.6842136,0.1549086,0.05998074
20,0.1008036,0.6844686,0.1547933,0.05993449
21,0.1007111,0.684736,0.1546604,0.05989261
22,0.1008789,0.6842901,0.1548512,0.0599799
23,0.100746,0.6846159,0.1547226,0.05991545
24,0.1006016,0.6850131,0.1545322,0.05985316
25,0.1004579,0.6854331,0.154316,0.05979295
26,0.1005055,0.6853481,0.1543332,0.05981309
27,0.1008219,0.6844677,0.1547383,0.05997195
28,0.1006434,0.6848661,0.1546097,0.05988087
29,0.1005196,0.6851817,0.1544712,0.05982755
30,0.1006376,0.6848518,0.1546183,0.05989224
31,0.1005721,0.6849847,0.1545796,0.05986352
32,0.1008851,0.6840791,0.1549989,0.06003694
33,0.1006706,0.6845593,0.154836,0.05993406
34,0.1007285,0.6843673,0.1549265,0.05997775
35,0.1004414,0.6851084,0.1545947,0.05985564
36,0.1004768,0.685048,0.1545949,0.05988012
37,0.1007532,0.6842753,0.1549451,0.06002631
38,0.1007296,0.6842585,0.1550007,0.06001111
39,0.1005687,0.6846462,0.1548469,0.05993812
40,0.1006239,0.6844786,0.1549179,0.05997957
41,0.1004692,0.6848708,0.1547484,0.05991162
42,0.1005538,0.6846368,0.1548434,0.05996607
43,0.10039,0.6850541,0.1546634,0.05989252
44,0.1003061,0.6852925,0.1545418,0.05985967
45,0.1004781,0.6848195,0.1547501,0.05995218
46,0.1006506,0.6842774,0.155029,0.060043
47,0.1005716,0.6843953,0.1550251,0.060008
48,0.1005894,0.6842808,0.1550998,0.0600299
49,0.1009621,0.6831655,0.1556288,0.06024358
50,0.1010392,0.6827889,0.1558807,0.06029119
51,0.1008032,0.683308,0.1557021,0.06018663
52,0.1005937,0.6838466,0.1554555,0.06010426
53,0.1006563,0.6836821,0.1555101,0.0601514
54,0.1006828,0.683583,0.1555628,0.06017135
55,0.1006871,0.6835328,0.1556004,0.0601798
56,0.100681,0.6835068,0.1556279,0.0601843
57,0.1006695,0.6834955,0.1556478,0.06018718
58,0.1008637,0.6829083,0.1559293,0.06029882
59,0.1007802,0.6830469,0.1559104,0.06026252
60,0.1006971,0.6832252,0.1558443,0.06023341
61,0.1006852,0.6832297,0.1558451,0.06024
62,0.1007145,0.6831155,0.1559043,0.06026572
63,0.1005987,0.683394,0.1557893,0.06021791
64,0.1005734,0.6834524,0.1557589,0.06021534
65,0.1005752,0.6834294,0.1557715,0.06022398
66,0.1007244,0.6829815,0.1559854,0.06030865
67,0.1005998,0.6832532,0.1558947,0.06025228
68,0.1005421,0.6833825,0.1558414,0.06023407
69,0.1007154,0.6828716,0.156079,0.06033401
70,0.1006214,0.6830551,0.1560312,0.06029213
71,0.1007074,0.6827719,0.1561727,0.06034805
72,0.1006014,0.6829997,0.1560949,0.06030391
73,0.1004262,0.6834564,0.1558859,0.06023147
74,0.1008799,0.6821898,0.1564454,0.06048501
75,0.1006802,0.6826218,0.1563196,0.06037838
76,0.1005305,0.6829988,0.1561575,0.06031321
77,0.1006222,0.6827347,0.1562712,0.06037193
78,0.100429,0.6832283,0.1560592,0.06028349
79,0.1004119,0.6832861,0.1560193,0.06028264
80,0.1003119,0.683558,0.1558915,0.06023865
81,0.1002544,0.6837252,0.1558052,0.06021522
82,0.1001793,0.6839362,0.1557016,0.06018284
83,0.1006055,0.6827396,0.156242,0.06041298
84,0.1003513,0.6833205,0.1560452,0.06028297
85,0.1003084,0.6834132,0.1560099,0.06026845
86,0.1002889,0.6834385,0.1560059,0.0602666
87,0.100145,0.6838077,0.1558422,0.06020506
88,0.1002776,0.6834364,0.1560036,0.06028244
89,0.1001824,0.6836491,0.155929,0.06023948
90,0.1000144,0.6840918,0.1557257,0.06016804
91,0.09992471,0.6843547,0.1555882,0.0601324
92,0.09988155,0.6844899,0.1555128,0.06011583
93,0.09996527,0.6842582,0.155616,0.06016042
94,0.09992042,0.6843429,0.1555958,0.06014093
95,0.09982532,0.6845744,0.1554984,0.0601019
96,0.09987681,0.6844146,0.1555741,0.0601345
97,0.09984497,0.6844583,0.1555719,0.0601248
98,0.1000046,0.6839673,0.1558118,0.06021631
99,0.09986285,0.6842719,0.155711,0.06015422
100,0.09977539,0.6844777,0.1556234,0.06012362
101,0.09979932,0.6843883,0.1556662,0.06014608
102,0.09990755,0.6840425,0.1558396,0.06021043
103,0.1000439,0.6835817,0.1560834,0.06029095
104,0.09983671,0.6840582,0.1559062,0.06019878
105,0.099671,0.6844955,0.1557005,0.06013294
106,0.09968714,0.6844624,0.1557007,0.0601497
107,0.09956465,0.6847898,0.155549,0.06009664
108,0.09992433,0.6837839,0.1560017,0.06029011
109,0.09983356,0.6839322,0.1559964,0.06023784
110,0.09980985,0.6839371,0.1560196,0.06023347
111,0.09963305,0.6843771,0.1558317,0.06015811
112,0.0997849,0.6839443,0.1560217,0.06024915
113,0.09968052,0.6841754,0.1559419,0.06020225
114,0.09951234,0.6846188,0.1557379,0.06013098
115,0.09953819,0.6845575,0.1557514,0.06015284
116,0.09949152,0.6846697,0.1557035,0.06013522
117,0.09946373,0.6847309,0.1556771,0.06012821
118,0.0994287,0.6848072,0.1556461,0.06011802
119,0.09933296,0.6850517,0.1555361,0.06007921
120,0.09948771,0.6846075,0.1557381,0.06016675
121,0.09934949,0.6849278,0.1556196,0.06010315
122,0.1000533,0.6829097,0.1565367,0.06050025
123,0.100476,0.681496,0.1573014,0.06072655
124,0.1003065,0.6817282,0.157331,0.06063436
125,0.09986427,0.6828623,0.1568498,0.06042365
126,0.09970497,0.6833565,0.1565783,0.06036023
127,0.09966291,0.6835443,0.1564463,0.06034659
128,0.09961529,0.6837339,0.1563288,0.06032201
129,0.09960353,0.683812,0.1562707,0.06031379
130,0.09945974,0.6842428,0.1560588,0.06023854
131,0.0994427,0.6843408,0.1559893,0.0602272
132,0.09956849,0.6840125,0.1561308,0.06028813
133,0.09955435,0.6840268,0.1561437,0.06027522
134,0.09951937,0.6841021,0.1561212,0.06025733
135,0.0997662,0.6833843,0.1564579,0.0603916
136,0.0996777,0.6835452,0.1564329,0.0603442
137,0.09962028,0.6836656,0.1563927,0.06032139
138,0.09971418,0.6833768,0.1565305,0.06037847
139,0.09960363,0.6836393,0.1564302,0.0603269
140,0.09957208,0.6837202,0.1563899,0.06031783
141,0.09951647,0.6838714,0.1563173,0.06029474
142,0.09948818,0.6839558,0.1562717,0.06028428
143,0.09951743,0.6838763,0.1563045,0.0603017
144,0.09947545,0.6839811,0.1562615,0.06028205
145,0.09960798,0.6836015,0.1564361,0.06035436
146,0.09955727,0.6836995,0.1564146,0.06032865
147,0.09945809,0.6839602,0.1562989,0.06028283
148,0.09941847,0.684083,0.1562319,0.06026657
149,0.09936515,0.6842476,0.1561461,0.06024116
150,0.09943723,0.684065,0.1562201,0.06027783
151,0.09952994,0.6837922,0.1563539,0.06032403
152,0.09942856,0.6840438,0.1562561,0.06027152
153,0.09938759,0.6841643,0.1561953,0.06025284
154,0.09944917,0.6840018,0.1562634,0.0602856
155,0.09939324,0.6841489,0.1562016,0.06025626
156,0.09942187,0.6840765,0.15623,0.06027161
157,0.09932289,0.684352,0.1561034,0.06022173
158,0.09927876,0.6845025,0.1560193,0.06019941
159,0.09926092,0.6845811,0.1559697,0.06018825
160,0.0992516,0.6846303,0.1559379,0.06018019
161,0.09924243,0.6846732,0.1559124,0.06017197
162,0.09923003,0.6847215,0.1558862,0.0601624
163,0.09937436,0.684325,0.1560664,0.06023424
164,0.09924408,0.6846598,0.1559302,0.0601659
165,0.09924346,0.6846819,0.1559102,0.06016442
166,0.09943221,0.6841611,0.1561453,0.06026134
167,0.09936552,0.6843113,0.1561014,0.06022172
168,0.09926358,0.6845992,0.1559668,0.06017055
169,0.09913801,0.6849853,0.1557673,0.06010943
170,0.09910402,0.6851448,0.1556621,0.06008892
171,0.09908923,0.685244,0.1555925,0.0600742
172,0.0990636,0.6853642,0.1555191,0.06005311
173,0.09906556,0.6854038,0.1554856,0.06004499
174,0.09919426,0.6850759,0.1556292,0.06010063
175,0.09912015,0.6852772,0.1555472,0.06005546
176,0.09929916,0.6847972,0.155762,0.06014161
177,0.09923057,0.6849658,0.1557051,0.06009848
178,0.09922067,0.6850091,0.155681,0.06008923
179,0.09928918,0.6848383,0.1557529,0.06011969
180,0.09925637,0.6849387,0.1557076,0.06009728
181,0.09917981,0.6851823,0.1555828,0.06005496
182,0.09925268,0.6850294,0.1556315,0.06008641
183,0.0991687,0.6852916,0.1555023,0.06003738
184,0.09915511,0.6853855,0.1554365,0.06002289
185,0.09963659,0.6840717,0.1560184,0.06027322
186,0.09945124,0.6845162,0.155874,0.06015857
187,0.09936544,0.6847793,0.155747,0.06010826
188,0.09948168,0.6845012,0.1558552,0.06016196
189,0.09940065,0.6847461,0.1557426,0.06011062
190,0.0996344,0.6841341,0.1560047,0.06022679
191,0.09947154,0.6845766,0.1558194,0.06013242
192,0.09960184,0.6842618,0.1559435,0.06019285
193,0.09957382,0.6843535,0.1559057,0.06016695
194,0.0995601,0.6844262,0.1558624,0.06015132
195,0.09949598,0.6846481,0.1557451,0.06011082
196,0.09949123,0.6847228,0.1556868,0.06009927
197,0.09942476,0.6849646,0.1555541,0.06005653
198,0.09954287,0.6847027,0.1556503,0.06010419
199,0.09960829,0.6845448,0.1557239,0.06012303
200,0.09963951,0.6844695,0.1557633,0.06012767
201,0.09956367,0.6846942,0.1556598,0.06008233
202,0.09969474,0.6843666,0.1557955,0.06014317
203,0.09962909,0.684554,0.1557157,0.06010123
204,0.09965401,0.6845181,0.1557201,0.06010774
205,0.0998143,0.6840916,0.155909,0.06018501
206,0.09977257,0.6841946,0.1558772,0.06015573
207,0.09963477,0.6845958,0.1556847,0.06008477
208,0.09964963,0.6846136,0.1556485,0.06008831
209,0.09960575,0.6847816,0.1555534,0.0600592
210,0.09972926,0.6844866,0.1556696,0.06011463
211,0.09978898,0.6843282,0.1557477,0.06013516
212,0.09975742,0.6844174,0.1557133,0.06011193
213,0.09970172,0.6845921,0.1556265,0.0600797
214,0.09970314,0.6846246,0.1555966,0.06007559
215,0.09972629,0.6845919,0.1556011,0.06008062
216,0.09975137,0.6845453,0.1556172,0.06008602
217,0.09960374,0.6849734,0.1554114,0.06001145
218,0.09985688,0.6843267,0.1556835,0.06013287
219,0.09989776,0.6841956,0.1557689,0.06013766
220,0.09986178,0.6842873,0.15574,0.06011089
221,0.09979606,0.6844855,0.1556448,0.06007379
222,0.0998046,0.6844996,0.1556219,0.06007394
223,0.09970511,0.6848112,0.1554634,0.06002029
224,0.09966169,0.6849955,0.1553501,0.05999272
225,0.09963743,0.6851275,0.1552629,0.05997216
226,0.09962533,0.6852216,0.1551969,0.05995622
227,0.09971515,0.6850234,0.1552711,0.05999028
228,0.09965584,0.6852097,0.1551833,0.05995117
229,0.09966636,0.685222,0.1551634,0.05994821
230,0.09966283,0.6852668,0.1551324,0.05993804
231,0.09971319,0.6851601,0.1551716,0.05995515
232,0.09966068,0.6853254,0.1550923,0.05992163
233,0.1000776,0.6841852,0.1555993,0.06013798
234,0.09997314,0.6844042,0.1555543,0.06006844
235,0.09981474,0.6848426,0.1553557,0.05998695
236,0.09976076,0.6850452,0.1552368,0.05995734
237,0.09976154,0.6851029,0.1551847,0.05995087
238,0.09979048,0.6850728,0.1551809,0.05995583
239,0.09979509,0.6850966,0.1551601,0.05994812
240,0.1001914,0.6840121,0.1556463,0.06015025
241,0.1000336,0.6843842,0.1555279,0.06005441
242,0.1001428,0.6840899,0.1556599,0.06010742
243,0.099991,0.6845049,0.1554782,0.06002578
244,0.09992356,0.6847448,0.1553432,0.0599884
245,0.1000059,0.6845775,0.1553934,0.0600231
246,0.09983627,0.6850802,0.1551491,0.0599345
247,0.1000675,0.6845145,0.1553762,0.0600417
248,0.1001946,0.6841602,0.1555558,0.06008936
249,0.1001975,0.6841323,0.1555914,0.06007873
250,0.1000634,0.6845047,0.1554251,0.0600069
251,0.09997857,0.6847875,0.1552716,0.05996218
252,0.1000221,0.6847287,0.1552706,0.05997856
253,0.09993892,0.6849997,0.1551313,0.05993012
254,0.09990745,0.6851483,0.1550375,0.0599068
255,0.09982475,0.6854362,0.1548801,0.0598589
256,0.1000336,0.6849229,0.1550894,0.05995403
257,0.100011,0.6849867,0.1550746,0.0599277
258,0.0999885,0.6850677,0.1550358,0.05990801
259,0.1000372,0.6849589,0.1550782,0.05992583
260,0.1004014,0.6839461,0.1555383,0.06011428
261,0.1001813,0.6844879,0.1553392,0.05999175
262,0.1000674,0.6848349,0.1551651,0.05993256
263,0.1000227,0.68502,0.1550517,0.0599056
264,0.09995707,0.6852666,0.1549104,0.059866
265,0.1001326,0.6848471,0.1550754,0.05994504
266,0.1000902,0.6849761,0.1550234,0.05991025
267,0.1000807,0.6850336,0.1549888,0.05989679
268,0.1000775,0.6850752,0.15496,0.05988741
269,0.1002879,0.6845168,0.1552065,0.05998881
270,0.1002789,0.6845178,0.1552294,0.0599739
271,0.1001371,0.684912,0.1550497,0.0599012
272,0.1000886,0.6850979,0.1549398,0.05987374
273,0.1001574,0.6849631,0.154979,0.05990049
274,0.1001924,0.6848955,0.155004,0.05990807
275,0.1001401,0.6850628,0.1549225,0.0598746
276,0.1001614,0.6850438,0.1549171,0.05987779
277,0.100188,0.6849998,0.1549291,0.0598829
278,0.1002019,0.684984,0.1549318,0.05988229
279,0.1002164,0.6849645,0.1549361,0.05988281
280,0.1002305,0.6849449,0.154941,0.05988366
281,0.1002586,0.6848851,0.1549646,0.05989177
282,0.1002893,0.6848137,0.1549956,0.05990135
283,0.1002739,0.6848677,0.1549697,0.05988872
284,0.1007403,0.6835775,0.1555486,0.06013369
285,0.1005323,0.6840625,0.1553902,0.06001502
286,0.1004551,0.6842892,0.1552809,0.05997468
287,0.1005067,0.6841822,0.1553124,0.05999864
288,0.1004116,0.6844705,0.1551716,0.05994623
289,0.1003421,0.6847189,0.155032,0.05990707
290,0.1006266,0.6839908,0.1553365,0.06004614
291,0.1006647,0.6838698,0.1554166,0.06004898
292,0.1005496,0.6841882,0.1552795,0.05998264
293,0.1005089,0.6843465,0.1551881,0.0599565
294,0.1005077,0.6844043,0.1551402,0.05994784
295,0.1005226,0.6844134,0.1551186,0.05994535
296,0.1005415,0.684404,0.1551103,0.05994428
297,0.1008114,0.6836838,0.1554298,0.06007509
298,0.1006899,0.683988,0.1553207,0.06000136
299,0.1008779,0.6834874,0.1555404,0.06009438
300,0.100723,0.6838979,0.1553701,0.06000907
301,0.1006529,0.6841381,0.1552388,0.05997026
302,0.1008237,0.6837153,0.155408,0.06005298
303,0.1007468,0.6839274,0.1553203,0.06000549
304,0.1006819,0.6841341,0.1552141,0.05996975
305,0.1007444,0.6839975,0.1552605,0.05999754
306,0.1006603,0.6842409,0.1551468,0.05995196
307,0.1012847,0.6825179,0.1559105,0.06028691
308,0.1010861,0.6829353,0.155813,0.06016571
309,0.1012896,0.6823315,0.1561,0.060279
310,0.1009899,0.6830931,0.1557884,0.06012872
311,0.1007921,0.683683,0.1554878,0.06003695
312,0.1008781,0.6835232,0.1555181,0.06008058
313,0.1011,0.6829307,0.1557784,0.06019101
314,0.1009134,0.6834142,0.1555836,0.06008887
315,0.1008232,0.6836938,0.1554398,0.0600431
316,0.100785,0.6838397,0.155353,0.06002235
317,0.1007435,0.6839886,0.155269,0.05999882
318,0.1007608,0.6839704,0.1552649,0.06000393
319,0.1009138,0.6835524,0.1554547,0.06007907
320,0.1008174,0.6837811,0.1553736,0.060028
321,0.1007608,0.6839346,0.1553023,0.06000236
322,0.1007281,0.6840312,0.155252,0.05998858
323,0.1007179,0.6840663,0.1552307,0.05998506
324,0.1007503,0.6839771,0.1552705,0.06000224
325,0.1007672,0.6839145,0.1553062,0.06001204
326,0.1007226,0.6840172,0.1552671,0.05999302
327,0.1009228,0.6834478,0.1555279,0.0601016
328,0.1007839,0.6837688,0.1554132,0.06003409
329,0.1006683,0.6840812,0.1552659,0.05998455
330,0.10064,0.6841792,0.1552056,0.05997519
331,0.1007237,0.6839594,0.155298,0.06001895
332,0.1006576,0.6841232,0.1552327,0.05998654
333,0.1006347,0.6841863,0.1552014,0.05997758
334,0.1006315,0.6841936,0.1551971,0.05997785
335,0.1006365,0.6841726,0.1552089,0.0599819
336,0.1006328,0.6841705,0.1552148,0.05998185
337,0.1007656,0.6837855,0.1553969,0.06005199
338,0.1006855,0.6839575,0.1553431,0.0600139
339,0.1007373,0.6837971,0.1554203,0.06004547
340,0.1006443,0.6840252,0.1553264,0.06000405
341,0.1006247,0.6840826,0.1552936,0.05999919
342,0.1005697,0.684238,0.155217,0.05997538
343,0.1005515,0.6843025,0.1551779,0.05996813
344,0.10061,0.6841494,0.1552433,0.05999731
345,0.1005796,0.6842207,0.1552178,0.05998191
346,0.1008573,0.6834385,0.1555757,0.06012847
347,0.1008036,0.6835089,0.1555894,0.06009801
348,0.1006399,0.6839263,0.1554103,0.06002355
349,0.1006848,0.6838182,0.1554451,0.06005194
350,0.1006606,0.6838818,0.1554165,0.06004108
351,0.1005719,0.6841313,0.1552974,0.05999946
352,0.100549,0.6842189,0.155243,0.05998912
353,0.1005558,0.6842177,0.155235,0.05999148
354,0.1006348,0.6840032,0.1553325,0.06002953
355,0.100603,0.6840694,0.1553151,0.06001256
356,0.100633,0.6839753,0.1553626,0.06002913
357,0.1006591,0.6838819,0.1554151,0.06004407
358,0.1005992,0.684023,0.1553602,0.06001755
359,0.1005765,0.6840815,0.1553317,0.06001031
360,0.1005623,0.6841189,0.1553126,0.06000614
361,0.1010073,0.6828656,0.1558808,0.06024631
362,0.1007173,0.6835508,0.1556338,0.06009806
363,0.1008421,0.6832038,0.1557872,0.06016693
364,0.1007838,0.6833294,0.1557508,0.06013602
365,0.1007043,0.6835411,0.1556554,0.06009932
366,0.1005856,0.6838824,0.1554873,0.0600448
367,0.1005756,0.6839452,0.1554367,0.06004242
368,0.1004712,0.6842557,0.1552812,0.05999201
369,0.1004476,0.6843583,0.1552141,0.05997998
370,0.1004097,0.6844866,0.1551437,0.05995992
371,0.1003712,0.6846118,0.1550771,0.05993996
372,0.1004092,0.68452,0.1551135,0.05995729
373,0.1006408,0.6838602,0.1554225,0.06007651
374,0.1005068,0.6841569,0.1553277,0.06000855
375,0.1003945,0.6844514,0.1551946,0.05995966
376,0.1004735,0.6842409,0.1552811,0.06000431
377,0.1003964,0.6844343,0.1552013,0.05996803
378,0.1003214,0.684645,0.1550985,0.05993507
379,0.1002324,0.6849073,0.1549649,0.05989543
380,0.100531,0.6840995,0.1553199,0.06004968
381,0.1004704,0.6842026,0.1553152,0.06001179
382,0.1004382,0.6842621,0.1553017,0.05999802
383,0.1003979,0.6843563,0.1552632,0.05998256
384,0.100362,0.6844509,0.1552177,0.05996945
385,0.1003108,0.6845954,0.1551457,0.0599481
386,0.1002656,0.684734,0.1550719,0.05992849
387,0.1002343,0.6848397,0.1550119,0.05991398
388,0.1002206,0.6848971,0.1549758,0.05990643
389,0.1002329,0.6848782,0.1549786,0.05991038
390,0.1002704,0.6847788,0.1550243,0.05992642
391,0.1002814,0.6847406,0.1550482,0.05992981
392,0.1006613,0.6836646,0.1555438,0.06013035
393,0.1006099,0.6837037,0.1555898,0.06009651
394,0.1004427,0.6841196,0.1554192,0.06001833
395,0.1004154,0.6842107,0.1553637,0.06001022
396,0.1003721,0.6843506,0.1552872,0.05999004
