EwEVersion,"6.6.5.17207 (compiled 12/14/2020)"
Date,"3/7/2022 8:32:05 PM"
ModelName,"NWACS AM 7ages base run"
EcosimScenario,base_run1
TimeSeries,"copyUpdated NWACS MICE 5 v2-1-6-Time series grid"
StartYear,1985

Data,"Prey of menhaden 6+"

timestep\group,zooplankton,phytoplankton,Detritus,
1,0.6600497,0.1769726,0.1629777
2,0.6592941,0.1773502,0.1633557
3,0.6599245,0.1770837,0.1629917
4,0.6597691,0.1771549,0.1630761
5,0.6609412,0.1765841,0.1624748
6,0.6623045,0.1758462,0.1618494
7,0.6628985,0.1754975,0.161604
8,0.6634027,0.1752386,0.1613587
9,0.6640794,0.1749154,0.1610051
10,0.6660534,0.1739122,0.1600344
11,0.6673527,0.1732082,0.1594392
12,0.6672815,0.1732031,0.1595155
13,0.6692255,0.1722854,0.1584891
14,0.6698732,0.1719389,0.158188
15,0.6695856,0.1720466,0.1583678
16,0.6698,0.1719257,0.1582743
17,0.6699384,0.1718189,0.1582427
18,0.6690987,0.172224,0.1586774
19,0.6687654,0.1724214,0.1588134
20,0.6685023,0.1725605,0.1589373
21,0.6681945,0.1727074,0.1590981
22,0.6671334,0.1732411,0.1596255
23,0.6667827,0.1734439,0.1597734
24,0.6664491,0.1736015,0.1599494
25,0.6660967,0.173752,0.1601512
26,0.6657506,0.1739135,0.1603359
27,0.664805,0.1744031,0.1607918
28,0.6653029,0.174202,0.1604952
29,0.6658776,0.1739029,0.1602196
30,0.6659762,0.1738412,0.1601825
31,0.6666783,0.1734955,0.1598262
32,0.6664744,0.1735869,0.1599387
33,0.6677739,0.1729663,0.1592599
34,0.6685172,0.172568,0.1589148
35,0.6702822,0.1716412,0.1580765
36,0.67138,0.1710371,0.1575828
37,0.6718733,0.1707668,0.1573599
38,0.6731341,0.1701614,0.1567045
39,0.6746759,0.1693777,0.1559464
40,0.675576,0.1688909,0.1555331
41,0.6769351,0.1681872,0.1548778
42,0.6775972,0.1678193,0.1545836
43,0.6788133,0.1671919,0.1539948
44,0.6797795,0.1666704,0.1535501
45,0.6799892,0.1665459,0.1534649
46,0.6800628,0.1665307,0.1534064
47,0.6807061,0.1662406,0.1530533
48,0.681056,0.1660679,0.152876
49,0.6803682,0.1664143,0.1532175
50,0.6808053,0.1662528,0.1529419
51,0.682043,0.165655,0.152302
52,0.6832438,0.1650125,0.1517437
53,0.6837346,0.1647227,0.1515427
54,0.6842537,0.1644528,0.1512935
55,0.6847784,0.1641874,0.1510342
56,0.6852874,0.1639301,0.1507825
57,0.6857743,0.1636826,0.1505432
58,0.685671,0.1637323,0.1505966
59,0.686236,0.1634754,0.1502887
60,0.686802,0.1631847,0.1500133
61,0.6871756,0.1629814,0.1498429
62,0.6876326,0.1627392,0.1496282
63,0.6886757,0.1621997,0.1491246
64,0.6893278,0.1618475,0.1488246
65,0.6897736,0.1616099,0.1486166
66,0.6894022,0.1618,0.1487979
67,0.6895437,0.1617527,0.1487036
68,0.6906403,0.1611778,0.148182
69,0.6917576,0.1605849,0.1476576
70,0.6937048,0.1595997,0.1466954
71,0.6950363,0.1589039,0.1460598
72,0.697933,0.1574121,0.1446549
73,0.701682,0.1554482,0.1428697
74,0.7035939,0.1544062,0.1419999
75,0.7070394,0.1526816,0.1402791
76,0.7110014,0.1506199,0.1383787
77,0.7145374,0.1487596,0.136703
78,0.7190937,0.1463931,0.1345131
79,0.7238105,0.1439187,0.1322707
80,0.728349,0.141548,0.1301031
81,0.7324353,0.1394079,0.1281567
82,0.7363657,0.1373518,0.1262825
83,0.7390734,0.1359182,0.1250084
84,0.7423885,0.1342486,0.1233629
85,0.7445157,0.1331405,0.1223438
86,0.7462409,0.1322413,0.1215178
87,0.7487468,0.1309332,0.1203199
88,0.7506568,0.129922,0.1194212
89,0.7529578,0.1287372,0.1183051
90,0.7556193,0.1273427,0.117038
91,0.7579497,0.1261103,0.1159399
92,0.7600433,0.1250066,0.11495
93,0.7617429,0.1241162,0.1141409
94,0.7633502,0.1232899,0.11336
95,0.764695,0.12259,0.112715
96,0.7654356,0.1222003,0.1123642
97,0.7671139,0.121334,0.1115521
98,0.7681867,0.1207757,0.1110376
99,0.7690656,0.1203393,0.110595
100,0.7687636,0.1204927,0.1107437
101,0.7675588,0.1211137,0.1113275
102,0.7646018,0.1226556,0.1127426
103,0.7595864,0.1252806,0.115133
104,0.7537975,0.1283191,0.1178833
105,0.747147,0.1317685,0.1210845
106,0.740624,0.1351473,0.1242288
107,0.7346874,0.1382318,0.1270808
108,0.7279817,0.1417021,0.1303162
109,0.7199734,0.1459288,0.1340978
110,0.7102332,0.1510166,0.1387502
111,0.7003635,0.1561595,0.1434771
112,0.6895712,0.1617566,0.1486723
113,0.6798903,0.1668177,0.153292
114,0.6723772,0.1707186,0.1569042
115,0.6658728,0.1740813,0.160046
116,0.6610136,0.1766085,0.1623778
117,0.6568773,0.1787562,0.1643665
118,0.652862,0.1808427,0.1662952
119,0.6493256,0.182677,0.1679974
120,0.6452191,0.1847995,0.1699813
121,0.6417409,0.1866351,0.171624
122,0.6359111,0.1896049,0.174484
123,0.6311147,0.192205,0.1766803
124,0.6284274,0.1937612,0.1778114
125,0.6270313,0.194526,0.1784428
126,0.6245793,0.1957385,0.1796822
127,0.6216159,0.1972227,0.1811613
128,0.6182467,0.1989434,0.1828099
129,0.6147361,0.2007474,0.1845165
130,0.6118057,0.2022612,0.1859331
131,0.6083949,0.2040103,0.1875948
132,0.6049578,0.205788,0.1892542
133,0.6020166,0.207347,0.1906363
134,0.5994177,0.208714,0.1918683
135,0.5971538,0.2098847,0.1929616
136,0.5964076,0.2103352,0.1932572
137,0.5959459,0.210587,0.1934671
138,0.5953649,0.2108824,0.1937527
139,0.5953376,0.2109174,0.1937451
140,0.595652,0.2107422,0.1936057
141,0.5961784,0.2104594,0.1933623
142,0.596822,0.2101118,0.1930662
143,0.5978316,0.2095779,0.1925905
144,0.5996846,0.2086179,0.1916975
145,0.6012453,0.2077971,0.1909576
146,0.6041885,0.2062931,0.1895183
147,0.6072525,0.2046994,0.1880482
148,0.6103294,0.2030815,0.1865891
149,0.6135986,0.2013669,0.1850346
150,0.6162496,0.1999736,0.1837768
151,0.6186894,0.1987119,0.1825987
152,0.6214535,0.1972956,0.1812509
153,0.6240394,0.1959415,0.1800192
154,0.6261905,0.1948112,0.1789983
155,0.6282071,0.1937693,0.1780235
156,0.629287,0.1932001,0.1775129
157,0.6309385,0.1923414,0.1767201
158,0.6317829,0.1918859,0.1763311
159,0.632156,0.1916792,0.1761648
160,0.6321067,0.1916981,0.1761952
161,0.6318265,0.1918411,0.1763324
162,0.631979,0.1917606,0.1762604
163,0.6320423,0.1917242,0.1762335
164,0.6326329,0.1914403,0.1759268
165,0.6322157,0.1916477,0.1761366
166,0.6308645,0.1923417,0.1767938
167,0.6309707,0.1923207,0.1767086
168,0.6317874,0.191894,0.1763187
169,0.6341801,0.1906237,0.1751961
170,0.6367349,0.1892632,0.1740019
171,0.6394944,0.1878084,0.1726972
172,0.6424462,0.1862611,0.1712927
173,0.6455268,0.1846505,0.1698227
174,0.6478329,0.18345,0.1687171
175,0.6502708,0.1822006,0.1675286
176,0.6521663,0.1812094,0.1666243
177,0.6548614,0.1798367,0.165302
178,0.6572348,0.1786008,0.1641644
179,0.6585402,0.1779172,0.1635425
180,0.6593528,0.177501,0.1631462
181,0.6586235,0.1778722,0.1635043
182,0.6565343,0.1789416,0.1645241
183,0.6551734,0.1796485,0.1651781
184,0.6536177,0.1804424,0.1659399
185,0.649658,0.1824666,0.1678754
186,0.647004,0.1839334,0.1690625
187,0.6441806,0.1854049,0.1704145
188,0.6403638,0.187374,0.1722622
189,0.6369259,0.1891751,0.173899
190,0.6325017,0.1914552,0.1760431
191,0.6291668,0.1932257,0.1776075
192,0.6255189,0.195105,0.1793761
193,0.6225127,0.1966872,0.1808002
194,0.6199894,0.1979986,0.182012
195,0.6172441,0.1994196,0.1833363
196,0.6152878,0.2004201,0.1842921
197,0.6144741,0.2008297,0.1846963
198,0.6143146,0.2008958,0.1847895
199,0.615035,0.2005364,0.1844286
200,0.6162218,0.1999356,0.1838425
201,0.6182616,0.1988823,0.182856
202,0.6201777,0.1978719,0.1819503
203,0.6231379,0.1963487,0.1805134
204,0.625949,0.1948781,0.1791729
205,0.6281711,0.193715,0.1781139
206,0.6307661,0.1923903,0.1768436
207,0.6331077,0.1911661,0.1757262
208,0.6342902,0.1905239,0.1751859
209,0.6354806,0.1898927,0.1746267
210,0.6360486,0.1895813,0.1743702
211,0.636835,0.1891865,0.1739786
212,0.6380353,0.1885767,0.1733881
213,0.6391098,0.1880153,0.1728748
214,0.640056,0.1875117,0.1724323
215,0.6409024,0.1870662,0.1720314
216,0.6414579,0.1867783,0.1717638
217,0.6423715,0.1862952,0.1713333
218,0.6419165,0.186508,0.1715755
219,0.6423203,0.1863397,0.1713399
220,0.643312,0.1858466,0.1708414
221,0.6446025,0.1851752,0.1702223
222,0.6458526,0.1845112,0.1696363
223,0.6473722,0.1837089,0.1689189
224,0.6489048,0.1828874,0.1682077
225,0.6504149,0.1820824,0.1675028
226,0.6520942,0.1811946,0.1667112
227,0.6535072,0.1804516,0.1660412
228,0.6551071,0.1796264,0.1652665
229,0.6561899,0.1790561,0.164754
230,0.6572691,0.178492,0.164239
231,0.6582279,0.1779903,0.1637819
232,0.6594454,0.1773607,0.1631939
233,0.6593439,0.1773851,0.163271
234,0.6608129,0.1766942,0.162493
235,0.6627119,0.1757123,0.1615759
236,0.664269,0.1748788,0.1608521
237,0.6662384,0.1738349,0.1599267
238,0.6678347,0.1729953,0.1591701
239,0.6693356,0.1722138,0.1584507
240,0.669817,0.1719441,0.158239
241,0.6716786,0.1710436,0.1572779
242,0.6728236,0.1704449,0.1567316
243,0.6743692,0.1696557,0.1559751
244,0.6752183,0.1691936,0.155588
245,0.6754214,0.1690673,0.1555113
246,0.6759419,0.1687883,0.1552697
247,0.6744822,0.1695219,0.1559958
248,0.6730334,0.1703055,0.1566611
249,0.6713554,0.1712122,0.1574325
250,0.6698474,0.1720074,0.1581452
251,0.6682567,0.1728153,0.158928
252,0.6661248,0.1739017,0.1599735
253,0.6650017,0.1744786,0.1605197
254,0.6640849,0.1749375,0.1609776
255,0.6635175,0.1752145,0.161268
256,0.6624758,0.1757368,0.1617875
257,0.6621808,0.1759191,0.1619
258,0.6619511,0.1760453,0.1620036
259,0.6626702,0.1756691,0.1616606
260,0.6629392,0.1755148,0.1615461
261,0.6648569,0.1745803,0.1605628
262,0.6666895,0.1736152,0.1596953
263,0.6686229,0.1725857,0.1587915
264,0.6708136,0.171425,0.1577614
265,0.6722011,0.1706824,0.1571165
266,0.6740779,0.1697259,0.1561963
267,0.6755605,0.1689545,0.155485
268,0.6767002,0.1683591,0.1549407
269,0.6770572,0.1681653,0.1547775
270,0.6776538,0.1678868,0.1544593
271,0.6778979,0.1677641,0.154338
272,0.6772941,0.1680581,0.1546478
273,0.6758516,0.1687932,0.1553552
274,0.6741907,0.1696603,0.156149
275,0.672417,0.1705859,0.1569971
276,0.6706955,0.1714744,0.15783
277,0.6691439,0.1722812,0.1585749
278,0.6679032,0.172929,0.1591678
279,0.6689454,0.1723885,0.1586662
280,0.671246,0.1711929,0.1575611
281,0.6739741,0.1697749,0.156251
282,0.6769364,0.1682368,0.1548268
283,0.680006,0.1666431,0.1533509
284,0.6816784,0.1657452,0.1525763
285,0.6852111,0.1639823,0.1508067
286,0.6885284,0.162253,0.1492187
287,0.6914964,0.1606929,0.1478107
288,0.694728,0.1590083,0.1462637
289,0.6975891,0.1575003,0.1449105
290,0.6992732,0.1565974,0.1441294
291,0.6999419,0.1562846,0.1437735
292,0.6999095,0.1563181,0.1437724
293,0.6988904,0.1568371,0.1442724
294,0.6974033,0.1575989,0.1449979
295,0.6951962,0.1587402,0.1460636
296,0.6925797,0.1600992,0.147321
297,0.6890707,0.1619163,0.1490131
298,0.6865098,0.1632899,0.1502002
299,0.6832016,0.1650015,0.151797
300,0.6808536,0.1662492,0.1528971
301,0.678828,0.1672877,0.1538843
302,0.6760598,0.1687053,0.1552349
303,0.674073,0.1697577,0.1561693
304,0.6718704,0.1708968,0.1572328
305,0.6695924,0.1720688,0.1583387
306,0.6678617,0.1729717,0.1591666
307,0.6645025,0.1746652,0.1608324
308,0.6656696,0.1741737,0.1601567
309,0.6666797,0.1736448,0.1596755
310,0.6692104,0.1723683,0.1584212
311,0.6712528,0.1712717,0.1574755
312,0.6722959,0.1706854,0.1570188
313,0.6725637,0.1705329,0.1569034
314,0.6736227,0.1700181,0.1563592
315,0.6742206,0.1696937,0.1560858
316,0.6747982,0.1693757,0.1558261
317,0.6759332,0.168773,0.1552937
318,0.6769061,0.1682578,0.1548361
319,0.6776475,0.1678698,0.1544826
320,0.6773781,0.1680365,0.1545855
321,0.6759086,0.1687987,0.1552927
322,0.6735148,0.1700369,0.1564483
323,0.6710461,0.1713152,0.1576387
324,0.6685879,0.172592,0.1588202
325,0.6663618,0.173756,0.1598823
326,0.6652815,0.1743237,0.1603949
327,0.6639242,0.1750193,0.1610565
328,0.6638346,0.1750983,0.1610672
329,0.66329,0.1753713,0.1613387
330,0.662633,0.1756937,0.1616733
331,0.6613843,0.1763323,0.1622834
332,0.6601049,0.1770081,0.162887
333,0.6589993,0.1775789,0.1634217
334,0.658723,0.17772,0.163557
335,0.6587255,0.1777196,0.163555
336,0.6587555,0.1777073,0.1635372
337,0.6585381,0.1778209,0.1636409
338,0.6583588,0.1779388,0.1637024
339,0.6577805,0.1782374,0.163982
340,0.6574516,0.1784159,0.1641325
341,0.6567835,0.1787524,0.1644641
342,0.6560748,0.1791129,0.1648123
343,0.6554784,0.179412,0.1651096
344,0.6549191,0.1796975,0.1653834
345,0.6545024,0.1799223,0.1655753
346,0.6524634,0.1809717,0.1665648
347,0.6510506,0.1817586,0.1671908
348,0.6498751,0.1823779,0.1677471
349,0.6476502,0.183514,0.1688359
350,0.6453222,0.1847251,0.1699528
351,0.6433827,0.1857276,0.1708896
352,0.6410089,0.1869469,0.1720443
353,0.6380836,0.1884606,0.1734559
354,0.6347771,0.1901803,0.1750427
355,0.6318249,0.1917317,0.1764434
356,0.6289268,0.1932422,0.177831
357,0.6262271,0.194655,0.1791178
358,0.6245157,0.1955537,0.1799306
359,0.6225989,0.1965449,0.1808561
360,0.6207911,0.1974804,0.1817285
361,0.6175545,0.1991321,0.1833133
362,0.6164513,0.1997896,0.183759
363,0.6140071,0.2010462,0.1849466
364,0.6120159,0.2021092,0.1858748
365,0.6103486,0.2029765,0.1866749
366,0.6089885,0.2036671,0.1873444
367,0.6071982,0.2045705,0.1882312
368,0.6059456,0.2052061,0.1888483
369,0.6040257,0.2061818,0.1897925
370,0.6017147,0.2073718,0.1909135
371,0.5990403,0.2087527,0.1922069
372,0.5960315,0.2103119,0.1936565
373,0.5933822,0.2116903,0.1949275
374,0.5921161,0.2124015,0.1954823
375,0.590509,0.2132328,0.1962582
376,0.5887641,0.2141213,0.1971146
377,0.58785,0.2146058,0.1975442
378,0.5871673,0.2149491,0.1978837
379,0.5870706,0.2149786,0.1979509
380,0.5858522,0.2155834,0.1985645
381,0.5858506,0.2156463,0.1985032
382,0.5860971,0.2155327,0.1983702
383,0.5871038,0.2150102,0.197886
384,0.588423,0.2143165,0.1972606
385,0.5895642,0.2137117,0.196724
386,0.5905792,0.2131687,0.1962521
387,0.5917195,0.2125609,0.1957195
388,0.5926968,0.2120419,0.1952613
389,0.5930461,0.2118555,0.1950984
390,0.5928624,0.2119539,0.1951838
391,0.5924324,0.2121873,0.1953802
392,0.5907189,0.2130639,0.1962172
393,0.5902529,0.213394,0.1963531
394,0.5902312,0.213426,0.1963428
395,0.5899442,0.2135525,0.1965032
396,0.5898207,0.2136006,0.1965785
