    unsorted:	 246.7401105 246.7401105 246.7401105 246.7401105 246.7401105 0.4489313517 1.468698717 223.6649019 302.2180073 20482.30324 20271.31565 18506.71077 17779.39624 16378.58880 14687.51294 26367.82879 3867.266140 4965.630819 8671.187373 29497.93150 34062.21678 36875.92422 36590.98085 43037.61795 42413.28277 48123.65402 49084.38934 52461.36223 54805.23937 56240.88184 60971.24731 59801.62694 62011.99947 73537.56662 74764.32488 76231.43707 83795.97834 96788.84860 97198.94755 99711.71113 105225.5334 114810.0612 270585.4215 428421.1646 679998.0478 3567218.628
      sorted:	 0.4489313517 1.468698717 223.6649019 246.7401105 246.7401105 246.7401105 246.7401105 246.7401105 302.2180073 3867.266140 4965.630819 8671.187373 14687.51294 16378.58880 17779.39624 18506.71077 20271.31565 20482.30324 26367.82879 29497.93150 34062.21678 36590.98085 36875.92422 42413.28277 43037.61795 48123.65402 49084.38934 52461.36223 54805.23937 56240.88184 59801.62694 60971.24731 62011.99947 73537.56662 74764.32488 76231.43707 83795.97834 96788.84860 97198.94755 99711.71113 105225.5334 114810.0612 270585.4215 428421.1646 679998.0478 3567218.628
