    unsorted:	 246.7401105 246.7401105 246.7401105 246.7401105 246.7401105 0.8908719507 1.585616235 216.4004515 300.1618120 3906.498157 5155.126169 19929.34491 20530.23404 18426.04063 17496.31766 16234.43169 14568.42370 8752.154907 25848.80048 29984.99414 34595.68122 37525.97788 36613.00367 43059.17117 43109.40734 48195.34180 50433.10913 54183.32771 54960.46626 56449.88730 59298.04069 60836.50504 61731.31959 73578.09243 76739.40111 80524.64070 83562.65095 95209.97475 96050.83394 99153.90532 105464.0471 114729.2869 275629.4897 446247.6994 710790.4235 3456740.205
      sorted:	 0.8908719507 1.585616235 216.4004515 246.7401105 246.7401105 246.7401105 246.7401105 246.7401105 300.1618120 3906.498157 5155.126169 8752.154907 14568.42370 16234.43169 17496.31766 18426.04063 19929.34491 20530.23404 25848.80048 29984.99414 34595.68122 36613.00367 37525.97788 43059.17117 43109.40734 48195.34180 50433.10913 54183.32771 54960.46626 56449.88730 59298.04069 60836.50504 61731.31959 73578.09243 76739.40111 80524.64070 83562.65095 95209.97475 96050.83394 99153.90532 105464.0471 114729.2869 275629.4897 446247.6994 710790.4235 3456740.205
