EwEVersion,"6.6.5.17207 (compiled 12/14/2020)"
Date,"2/7/2022 12:31:06 PM"
ModelName,"NWACS AM 7ages"
EcosimScenario,"sim3.5_ts1_fit28v_i7_PreySwitch1 vulcap"
TimeSeries,"copyUpdated NWACS MICE 5 v2-1-6-Time series grid"
StartYear,1985

Data,"Prey of menhaden 4"

timestep\group,zooplankton,phytoplankton,Detritus,
1,0.660009,0.1769949,0.162996
2,0.660003,0.1770013,0.1629957
3,0.6599922,0.1770094,0.1629984
4,0.6599747,0.1770211,0.1630042
5,0.6599516,0.1770359,0.1630124
6,0.6599252,0.1770526,0.1630221
7,0.6598977,0.1770701,0.1630322
8,0.6598711,0.1770869,0.1630419
9,0.6598475,0.177102,0.1630505
10,0.6598283,0.1771144,0.1630573
11,0.6598147,0.1771235,0.1630618
12,0.6598074,0.1771288,0.1630638
13,0.6598058,0.1771298,0.1630644
14,0.659789,0.1771372,0.1630739
15,0.6597629,0.1771499,0.1630873
16,0.659731,0.1771664,0.1631027
17,0.6596953,0.1771856,0.1631192
18,0.6596567,0.1772068,0.1631365
19,0.6596156,0.1772297,0.1631546
20,0.6595723,0.1772541,0.1631735
21,0.6595266,0.1772802,0.1631932
22,0.6594784,0.1773077,0.163214
23,0.6594278,0.1773366,0.1632356
24,0.6593752,0.1773669,0.163258
25,0.6593211,0.1773982,0.1632806
26,0.6592732,0.1774272,0.1632996
27,0.6592306,0.1774532,0.1633162
28,0.659193,0.1774763,0.1633307
29,0.6591604,0.1774963,0.1633433
30,0.6591328,0.1775133,0.1633538
31,0.6591104,0.1775272,0.1633624
32,0.6590928,0.1775382,0.163369
33,0.6590801,0.1775462,0.1633736
34,0.6590721,0.1775515,0.1633764
35,0.6590681,0.1775543,0.1633775
36,0.659068,0.1775549,0.1633772
37,0.6590713,0.1775538,0.1633749
38,0.6590842,0.177548,0.1633678
39,0.6591028,0.1775388,0.1633584
40,0.6591244,0.1775276,0.1633481
41,0.659147,0.1775154,0.1633376
42,0.6591696,0.1775031,0.1633272
43,0.6591915,0.1774913,0.1633172
44,0.6592119,0.1774801,0.1633078
45,0.6592309,0.17747,0.1632991
46,0.659248,0.1774609,0.1632911
47,0.6592633,0.177453,0.1632838
48,0.6592765,0.1774463,0.1632773
49,0.6592878,0.1774408,0.1632714
50,0.659298,0.1774362,0.1632658
51,0.6593062,0.1774327,0.163261
52,0.6593122,0.1774305,0.1632573
53,0.6593164,0.1774293,0.1632543
54,0.659319,0.1774291,0.163252
55,0.6593208,0.1774293,0.1632499
56,0.6593224,0.1774297,0.1632479
57,0.6593247,0.1774297,0.1632456
58,0.6593281,0.177429,0.1632429
59,0.659333,0.1774275,0.1632395
60,0.6593395,0.1774249,0.1632355
61,0.6593477,0.1774211,0.1632311
62,0.65935,0.1774199,0.1632301
63,0.659349,0.1774206,0.1632304
64,0.6593457,0.1774229,0.1632314
65,0.6593413,0.177426,0.1632327
66,0.6593362,0.1774296,0.1632341
67,0.6593306,0.1774337,0.1632357
68,0.6593247,0.177438,0.1632372
69,0.6593186,0.1774425,0.1632388
70,0.6593124,0.1774471,0.1632405
71,0.659306,0.1774518,0.1632421
72,0.6592996,0.1774567,0.1632438
73,0.6592931,0.1774614,0.1632455
74,0.6592837,0.1774675,0.1632488
75,0.659273,0.1774744,0.1632525
76,0.6592618,0.1774818,0.1632563
77,0.6592506,0.1774893,0.1632601
78,0.6592392,0.177497,0.1632638
79,0.6592278,0.1775046,0.1632675
80,0.6592165,0.1775123,0.1632711
81,0.6592048,0.1775202,0.163275
82,0.6591927,0.1775284,0.1632789
83,0.6591803,0.1775368,0.163283
84,0.6591673,0.1775454,0.1632873
85,0.6591534,0.1775541,0.1632924
86,0.6591309,0.1775667,0.1633023
87,0.6591038,0.1775821,0.163314
88,0.6590746,0.1775991,0.1633262
89,0.6590447,0.1776169,0.1633385
90,0.6590146,0.1776349,0.1633505
91,0.658985,0.1776527,0.1633623
92,0.6589558,0.1776704,0.1633739
93,0.6589269,0.1776879,0.1633852
94,0.6588984,0.1777052,0.1633964
95,0.6588703,0.1777224,0.1634074
96,0.6588423,0.1777394,0.1634183
97,0.6588147,0.1777561,0.1634292
98,0.6587843,0.177774,0.1634417
99,0.6587535,0.1777924,0.1634542
100,0.6587232,0.1778105,0.1634663
101,0.6586942,0.1778281,0.1634778
102,0.6586666,0.1778449,0.1634885
103,0.6586405,0.1778608,0.1634987
104,0.6586157,0.1778761,0.1635083
105,0.658592,0.1778906,0.1635174
106,0.6585693,0.1779047,0.163526
107,0.6585475,0.1779181,0.1635344
108,0.6585265,0.1779312,0.1635423
109,0.6585061,0.1779438,0.1635501
110,0.6584851,0.1779567,0.1635583
111,0.6584646,0.1779693,0.1635662
112,0.6584452,0.1779814,0.1635734
113,0.6584275,0.1779925,0.16358
114,0.6584116,0.1780027,0.1635857
115,0.6583974,0.1780118,0.1635907
116,0.658385,0.17802,0.163595
117,0.658374,0.1780273,0.1635987
118,0.6583645,0.1780338,0.1636018
119,0.6583561,0.1780395,0.1636044
120,0.6583489,0.1780446,0.1636065
121,0.6583431,0.1780492,0.1636077
122,0.6583477,0.1780486,0.1636038
123,0.6583591,0.1780438,0.1635972
124,0.6583749,0.1780361,0.163589
125,0.6583939,0.1780263,0.1635798
126,0.6584151,0.178015,0.1635698
127,0.6584382,0.1780026,0.1635592
128,0.6584627,0.1779892,0.1635481
129,0.6584886,0.1779749,0.1635364
130,0.6585158,0.1779599,0.1635243
131,0.6585441,0.1779442,0.1635117
132,0.6585733,0.1779279,0.1634988
133,0.6586031,0.1779111,0.1634859
134,0.6586277,0.1778965,0.1634757
135,0.658649,0.177884,0.163467
136,0.6586678,0.177873,0.1634592
137,0.6586846,0.1778633,0.1634521
138,0.6586998,0.1778547,0.1634455
139,0.6587137,0.1778469,0.1634394
140,0.6587263,0.1778399,0.1634338
141,0.6587378,0.1778336,0.1634286
142,0.6587482,0.1778279,0.1634239
143,0.6587577,0.1778228,0.1634195
144,0.6587666,0.177818,0.1634154
145,0.6587749,0.1778138,0.1634113
146,0.6587869,0.1778079,0.1634052
147,0.6588013,0.1778007,0.1633981
148,0.6588172,0.1777924,0.1633905
149,0.6588341,0.1777833,0.1633826
150,0.6588514,0.1777739,0.1633746
151,0.6588691,0.1777642,0.1633667
152,0.6588866,0.1777545,0.1633589
153,0.6589039,0.1777449,0.1633513
154,0.6589206,0.1777355,0.1633439
155,0.6589367,0.1777264,0.1633368
156,0.658952,0.1777178,0.1633302
157,0.6589665,0.1777099,0.1633236
158,0.6589839,0.1777008,0.1633153
159,0.6590022,0.1776912,0.1633066
160,0.6590204,0.1776814,0.1632982
161,0.6590378,0.177672,0.1632903
162,0.6590539,0.1776632,0.163283
163,0.6590683,0.1776552,0.1632765
164,0.6590812,0.1776481,0.1632708
165,0.6590923,0.1776419,0.1632657
166,0.659102,0.1776367,0.1632614
167,0.65911,0.1776322,0.1632578
168,0.6591166,0.1776286,0.1632548
169,0.6591213,0.1776257,0.163253
170,0.6591184,0.1776262,0.1632555
171,0.6591101,0.1776298,0.1632601
172,0.6590983,0.1776356,0.163266
173,0.6590843,0.177643,0.1632728
174,0.6590687,0.1776513,0.16328
175,0.6590522,0.1776603,0.1632876
176,0.6590351,0.1776697,0.1632953
177,0.6590179,0.1776791,0.1633031
178,0.6590007,0.1776885,0.1633108
179,0.6589839,0.1776976,0.1633184
180,0.6589678,0.1777064,0.1633257
181,0.6589523,0.1777145,0.1633331
182,0.6589323,0.1777247,0.163343
183,0.6589105,0.1777359,0.1633536
184,0.6588887,0.1777474,0.163364
185,0.658868,0.1777583,0.1633737
186,0.6588494,0.1777682,0.1633825
187,0.658833,0.1777768,0.1633902
188,0.6588192,0.1777839,0.1633969
189,0.6588081,0.1777895,0.1634024
190,0.6587996,0.1777935,0.1634068
191,0.6587937,0.1777961,0.1634102
192,0.6587905,0.1777971,0.1634124
193,0.6587899,0.1777968,0.1634133
194,0.6587969,0.1777926,0.1634105
195,0.6588095,0.1777851,0.1634054
196,0.6588262,0.177775,0.1633987
197,0.6588463,0.177763,0.1633908
198,0.6588686,0.1777494,0.163382
199,0.658893,0.1777346,0.1633724
200,0.658919,0.1777189,0.1633622
201,0.6589464,0.1777023,0.1633513
202,0.6589748,0.1776852,0.16334
203,0.659004,0.1776676,0.1633284
204,0.659034,0.1776496,0.1633164
205,0.6590641,0.1776315,0.1633044
206,0.6590922,0.1776142,0.1632936
207,0.6591189,0.1775978,0.1632833
208,0.6591449,0.1775819,0.1632733
209,0.6591703,0.1775664,0.1632633
210,0.6591952,0.1775512,0.1632535
211,0.6592198,0.1775364,0.1632438
212,0.659244,0.1775217,0.1632342
213,0.6592677,0.1775074,0.1632248
214,0.659291,0.1774935,0.1632155
215,0.6593139,0.1774797,0.1632064
216,0.659336,0.1774664,0.1631976
217,0.6593577,0.1774533,0.1631889
218,0.6593797,0.1774402,0.1631801
219,0.6594018,0.177427,0.1631712
220,0.6594235,0.1774139,0.1631626
221,0.6594445,0.1774013,0.1631542
222,0.6594645,0.1773892,0.1631462
223,0.6594836,0.1773778,0.1631387
224,0.6595012,0.1773671,0.1631317
225,0.6595175,0.1773572,0.1631254
226,0.6595321,0.1773483,0.1631196
227,0.6595452,0.1773403,0.1631146
228,0.6595566,0.1773332,0.1631102
229,0.6595666,0.1773272,0.1631062
230,0.6595769,0.1773212,0.163102
231,0.6595868,0.1773154,0.1630979
232,0.6595958,0.1773101,0.1630941
233,0.659604,0.1773052,0.1630908
234,0.659611,0.1773009,0.1630881
235,0.6596171,0.1772972,0.1630857
236,0.6596221,0.1772941,0.1630838
237,0.6596262,0.1772915,0.1630824
238,0.6596293,0.1772894,0.1630813
239,0.6596316,0.1772878,0.1630806
240,0.6596331,0.1772866,0.1630803
241,0.6596339,0.177286,0.1630802
242,0.6596344,0.1772854,0.1630801
243,0.6596344,0.1772853,0.1630803
244,0.6596335,0.1772855,0.163081
245,0.6596318,0.1772862,0.163082
246,0.6596291,0.1772874,0.1630835
247,0.6596255,0.1772892,0.1630853
248,0.6596212,0.1772913,0.1630875
249,0.6596162,0.1772939,0.1630899
250,0.6596107,0.1772967,0.1630925
251,0.6596047,0.1772998,0.1630954
252,0.6595985,0.1773031,0.1630984
253,0.6595922,0.1773065,0.1631014
254,0.6595869,0.1773091,0.163104
255,0.6595824,0.1773113,0.1631063
256,0.6595784,0.1773131,0.1631085
257,0.659575,0.1773145,0.1631104
258,0.6595722,0.1773156,0.1631121
259,0.6595703,0.1773162,0.1631135
260,0.6595693,0.1773161,0.1631145
261,0.6595695,0.1773155,0.1631151
262,0.6595708,0.1773141,0.1631151
263,0.6595734,0.1773119,0.1631147
264,0.6595775,0.1773089,0.1631136
265,0.6595827,0.1773051,0.1631121
266,0.6595871,0.1773015,0.1631114
267,0.659591,0.1772982,0.1631108
268,0.6595947,0.177295,0.1631102
269,0.6595984,0.177292,0.1631096
270,0.6596019,0.177289,0.163109
271,0.6596056,0.1772861,0.1631083
272,0.6596092,0.1772832,0.1631076
273,0.6596127,0.1772804,0.1631068
274,0.6596163,0.1772777,0.1631061
275,0.6596199,0.1772749,0.1631053
276,0.6596235,0.1772721,0.1631044
277,0.6596272,0.1772692,0.1631036
278,0.659628,0.1772675,0.1631045
279,0.6596275,0.1772667,0.1631058
280,0.6596266,0.1772662,0.1631072
281,0.6596258,0.1772658,0.1631084
282,0.6596255,0.1772652,0.1631093
283,0.6596255,0.1772644,0.16311
284,0.6596263,0.1772633,0.1631104
285,0.6596276,0.1772619,0.1631105
286,0.6596293,0.1772602,0.1631104
287,0.6596315,0.1772583,0.1631102
288,0.6596341,0.1772562,0.1631097
289,0.6596372,0.1772539,0.1631089
290,0.6596457,0.1772489,0.1631055
291,0.6596577,0.1772417,0.1631007
292,0.6596718,0.1772331,0.1630951
293,0.6596872,0.1772237,0.1630892
294,0.6597031,0.1772139,0.1630831
295,0.6597189,0.177204,0.1630771
296,0.6597343,0.1771944,0.1630712
297,0.6597492,0.1771851,0.1630657
298,0.6597631,0.1771764,0.1630605
299,0.6597761,0.1771683,0.1630557
300,0.6597879,0.1771609,0.1630513
301,0.6597986,0.1771541,0.1630472
302,0.6598058,0.1771497,0.1630444
303,0.6598102,0.1771471,0.1630426
304,0.6598125,0.1771458,0.1630417
305,0.6598133,0.1771455,0.1630413
306,0.6598128,0.1771458,0.1630413
307,0.6598116,0.1771466,0.1630417
308,0.6598098,0.1771479,0.1630424
309,0.6598075,0.1771493,0.1630432
310,0.6598048,0.1771509,0.1630442
311,0.6598018,0.1771528,0.1630454
312,0.6597982,0.1771549,0.1630468
313,0.6597943,0.1771571,0.1630486
314,0.6597881,0.1771604,0.1630515
315,0.6597802,0.1771645,0.1630553
316,0.6597709,0.1771696,0.1630595
317,0.6597604,0.1771754,0.1630642
318,0.6597488,0.1771819,0.1630693
319,0.6597363,0.1771889,0.1630748
320,0.659723,0.1771965,0.1630805
321,0.6597091,0.1772044,0.1630865
322,0.6596947,0.1772127,0.1630926
323,0.65968,0.1772211,0.1630989
324,0.659665,0.1772298,0.1631052
325,0.6596498,0.1772384,0.1631119
326,0.659632,0.1772481,0.1631199
327,0.659613,0.1772586,0.1631285
328,0.6595935,0.1772694,0.1631372
329,0.6595738,0.1772804,0.1631458
330,0.6595545,0.1772913,0.1631542
331,0.6595356,0.177302,0.1631623
332,0.6595173,0.1773125,0.1631702
333,0.6594996,0.1773226,0.1631778
334,0.6594824,0.1773324,0.1631851
335,0.6594661,0.1773418,0.1631921
336,0.6594505,0.1773508,0.1631988
337,0.6594357,0.1773592,0.1632051
338,0.6594207,0.1773676,0.1632117
339,0.6594064,0.1773756,0.163218
340,0.6593933,0.1773831,0.1632237
341,0.6593815,0.1773897,0.1632288
342,0.6593711,0.1773956,0.1632332
343,0.6593623,0.1774007,0.1632371
344,0.6593545,0.1774051,0.1632404
345,0.659348,0.1774088,0.1632432
346,0.6593424,0.177412,0.1632457
347,0.6593377,0.1774147,0.1632477
348,0.6593338,0.1774169,0.1632494
349,0.6593308,0.1774187,0.1632505
350,0.6593314,0.1774191,0.1632496
351,0.6593344,0.1774179,0.1632477
352,0.6593392,0.1774157,0.1632452
353,0.6593453,0.1774126,0.163242
354,0.6593527,0.1774087,0.1632386
355,0.659361,0.1774043,0.1632347
356,0.6593701,0.1773993,0.1632305
357,0.65938,0.177394,0.1632261
358,0.6593903,0.1773882,0.1632214
359,0.6594011,0.1773823,0.1632166
360,0.6594121,0.1773762,0.1632117
361,0.6594234,0.1773701,0.1632065
362,0.6594366,0.1773633,0.1632001
363,0.6594504,0.1773561,0.1631936
364,0.6594639,0.1773489,0.1631871
365,0.6594769,0.177342,0.1631811
366,0.659489,0.1773356,0.1631754
367,0.6595002,0.1773297,0.1631701
368,0.6595103,0.1773243,0.1631653
369,0.6595195,0.1773195,0.163161
370,0.6595275,0.1773154,0.1631571
371,0.6595345,0.1773119,0.1631537
372,0.6595402,0.177309,0.1631507
373,0.6595448,0.1773068,0.1631484
374,0.659547,0.1773057,0.1631473
375,0.6595472,0.1773057,0.1631472
376,0.6595452,0.1773069,0.1631478
377,0.6595415,0.1773093,0.1631492
378,0.6595361,0.1773126,0.1631513
379,0.659529,0.1773169,0.1631541
380,0.6595204,0.1773221,0.1631574
381,0.6595106,0.1773281,0.1631614
382,0.6594995,0.1773347,0.1631657
383,0.6594874,0.177342,0.1631706
384,0.6594744,0.1773498,0.1631758
385,0.6594605,0.177358,0.1631816
386,0.6594437,0.1773673,0.163189
387,0.6594252,0.1773777,0.1631971
388,0.6594057,0.1773888,0.1632055
389,0.6593854,0.1774003,0.1632142
390,0.6593649,0.177412,0.163223
391,0.659344,0.177424,0.1632319
392,0.659323,0.1774361,0.1632409
393,0.6593018,0.1774482,0.16325
394,0.6592806,0.1774604,0.163259
395,0.6592593,0.1774726,0.1632681
396,0.6592383,0.1774846,0.1632771
