    unsorted:	 84.78188866 84.78188866 84.78188866 84.78188866 84.78188866 434.5875489 96.98981654 1885.538828 2426.319374 4241.591136 6750.542949 8709.655778 9759.850170 11156.76164 13366.86919 16555.41515 31247.59034 38965.32808 41933.36103 52938.69977 57058.84976 60950.40134 66714.86785 70439.45160 78309.48118 93927.93896 107300.0455 116549.1319 124921.9989 136157.4201 149423.9058 195588.0412 270875.4958 629399.1393 1127427.928 3975421.028
      sorted:	 84.78188866 84.78188866 84.78188866 84.78188866 84.78188866 96.98981654 434.5875489 1885.538828 2426.319374 4241.591136 6750.542949 8709.655778 9759.850170 11156.76164 13366.86919 16555.41515 31247.59034 38965.32808 41933.36103 52938.69977 57058.84976 60950.40134 66714.86785 70439.45160 78309.48118 93927.93896 107300.0455 116549.1319 124921.9989 136157.4201 149423.9058 195588.0412 270875.4958 629399.1393 1127427.928 3975421.028
