EwEVersion,"6.6.5.17207 (compiled 12/14/2020)"
Date,"2/9/2022 9:59:36 AM"
ModelName,"NWACS AM 7ages updateF"
EcosimScenario,"sim3.5_ts1_fit28v_i7_PreySwitch1 vulcap"
TimeSeries,"copyUpdated NWACS MICE 5 v2-1-6-Time series grid"
StartYear,1985

Data,"Prey of menhaden 6+"

timestep\group,zooplankton,phytoplankton,Detritus,
1,0.6599975,0.1769997,0.1630029
2,0.6613185,0.1763145,0.162367
3,0.6627514,0.1755701,0.1616785
4,0.6642892,0.1747705,0.1609403
5,0.6659212,0.1739215,0.1601573
6,0.6676378,0.1730282,0.159334
7,0.6694307,0.172095,0.1584743
8,0.6712921,0.1711261,0.1575818
9,0.6732154,0.1701249,0.1566597
10,0.6751942,0.1690947,0.155711
11,0.6772229,0.1680386,0.1547385
12,0.6792962,0.1669593,0.1537445
13,0.6814089,0.1658592,0.1527319
14,0.6820356,0.1655321,0.1524324
15,0.6825414,0.1652682,0.1521903
16,0.6829348,0.1650635,0.1520017
17,0.6832225,0.1649141,0.1518633
18,0.6834109,0.1648167,0.1517723
19,0.6835058,0.1647682,0.151726
20,0.6835117,0.1647661,0.1517222
21,0.6834335,0.164808,0.1517586
22,0.6832752,0.1648915,0.1518333
23,0.683041,0.1650146,0.1519444
24,0.6827344,0.1651755,0.1520901
25,0.682359,0.1653723,0.1522686
26,0.6824363,0.165334,0.1522297
27,0.6826892,0.1652042,0.1521066
28,0.6831046,0.1649898,0.1519057
29,0.6836703,0.1646971,0.1516326
30,0.6843758,0.1643316,0.1512926
31,0.6852111,0.1638985,0.1508904
32,0.6861671,0.1634026,0.1504302
33,0.6872357,0.1628481,0.1499162
34,0.6884087,0.1622391,0.1493521
35,0.6896793,0.1615794,0.1487412
36,0.6910406,0.1608725,0.1480869
37,0.6924865,0.1601216,0.1473919
38,0.693921,0.1593767,0.1467022
39,0.6952326,0.1586957,0.1460717
40,0.6964265,0.1580757,0.1454978
41,0.697508,0.1575142,0.1449778
42,0.6984824,0.1570083,0.1445093
43,0.699355,0.1565555,0.1440895
44,0.7001309,0.156153,0.1437161
45,0.700815,0.1557983,0.1433867
46,0.7014121,0.1554889,0.143099
47,0.701927,0.1552223,0.1428506
48,0.7023641,0.1549963,0.1426396
49,0.7027277,0.1548085,0.1424638
50,0.7034879,0.1544143,0.1420978
51,0.7042219,0.1540336,0.1417444
52,0.7049314,0.1536658,0.1414028
53,0.7056178,0.1533099,0.1410723
54,0.7062824,0.1529653,0.1407523
55,0.7069262,0.1526314,0.1404424
56,0.7075501,0.1523079,0.140142
57,0.7081553,0.1519941,0.1398507
58,0.7087421,0.1516897,0.1395682
59,0.7093115,0.1513944,0.1392942
60,0.7098638,0.1511078,0.1390284
61,0.7103994,0.1508298,0.1387708
62,0.711135,0.1504475,0.1384174
63,0.7120259,0.1499846,0.1379894
64,0.7130577,0.1494485,0.1374938
65,0.7142166,0.1488463,0.1369371
66,0.7154903,0.1481843,0.1363253
67,0.716867,0.1474688,0.1356642
68,0.7183354,0.1467054,0.1349591
69,0.7198855,0.1458996,0.1342149
70,0.7215073,0.1450563,0.1334364
71,0.7231914,0.1441806,0.1326281
72,0.7249294,0.1432767,0.1317939
73,0.7267128,0.1423491,0.1309381
74,0.7283422,0.1415016,0.1301561
75,0.7300349,0.1406213,0.1293438
76,0.7317629,0.1397226,0.1285145
77,0.7335044,0.1388169,0.1276788
78,0.7352433,0.1379126,0.1268442
79,0.7369686,0.1370153,0.1260161
80,0.738673,0.1361289,0.1251981
81,0.7403524,0.1352555,0.1243921
82,0.7420051,0.134396,0.1235989
83,0.7436317,0.1335501,0.1228182
84,0.7452344,0.1327166,0.122049
85,0.7468163,0.1318938,0.1212898
86,0.7479522,0.1313033,0.1207446
87,0.7488539,0.1308347,0.1203114
88,0.7495502,0.1304732,0.1199766
89,0.7500668,0.1302054,0.1197277
90,0.7504262,0.1300196,0.1195542
91,0.7506477,0.1299055,0.1194467
92,0.7507485,0.1298544,0.1193971
93,0.7507427,0.1298588,0.1193985
94,0.7506427,0.1299122,0.119445
95,0.7504585,0.1300095,0.1195319
96,0.7501987,0.1301463,0.1196551
97,0.7498699,0.1303187,0.1198113
98,0.7491364,0.1307021,0.1201616
99,0.7482834,0.1311476,0.120569
100,0.747312,0.1316549,0.1210331
101,0.746222,0.1322241,0.1215539
102,0.7450129,0.1328553,0.1221318
103,0.7436844,0.1335487,0.1227669
104,0.7422363,0.1343044,0.1234594
105,0.7406688,0.1351222,0.1242091
106,0.7389827,0.1360017,0.1250155
107,0.7371794,0.1369424,0.1258782
108,0.7352605,0.1379431,0.1267963
109,0.7332301,0.139002,0.1277678
110,0.7309541,0.1401888,0.1288571
111,0.7286565,0.1413868,0.1299567
112,0.7263334,0.1425982,0.1310685
113,0.7239848,0.1438228,0.1321924
114,0.7216125,0.1450598,0.1333277
115,0.7192189,0.1463079,0.1344732
116,0.7168075,0.1475651,0.1356273
117,0.7143823,0.1488297,0.1367881
118,0.711947,0.1500993,0.1379537
119,0.7095056,0.1513721,0.1391223
120,0.7070616,0.1526462,0.1402922
121,0.7046168,0.1539208,0.1414624
122,0.7023544,0.1551003,0.1425453
123,0.7002246,0.1562104,0.143565
124,0.6982074,0.1572615,0.1445312
125,0.6962866,0.158262,0.1454515
126,0.6944489,0.1592191,0.1463321
127,0.6926826,0.1601388,0.1471786
128,0.6909777,0.1610265,0.1479958
129,0.6893254,0.1618868,0.1487878
130,0.6877183,0.1627235,0.1495583
131,0.68615,0.1635399,0.1503102
132,0.6846151,0.1643388,0.1510461
133,0.6831097,0.1651223,0.151768
134,0.6817318,0.1658393,0.152429
135,0.6805012,0.1664797,0.1530191
136,0.6794082,0.1670486,0.1535432
137,0.6784437,0.1675507,0.1540056
138,0.6775993,0.1679902,0.1544104
139,0.6768669,0.1683715,0.1547616
140,0.6762388,0.1686985,0.1550627
141,0.6757078,0.1689749,0.1553174
142,0.675267,0.1692042,0.1555288
143,0.6749101,0.16939,0.1557
144,0.6746309,0.1695351,0.155834
145,0.6744241,0.1696426,0.1559332
146,0.6743131,0.1697004,0.1559866
147,0.6742327,0.169742,0.1560253
148,0.6741878,0.1697651,0.1560472
149,0.6741812,0.1697681,0.1560508
150,0.6742142,0.1697503,0.1560355
151,0.6742874,0.1697117,0.156001
152,0.6744,0.1696525,0.1559476
153,0.6745509,0.1695732,0.1558759
154,0.6747389,0.1694747,0.1557864
155,0.6749623,0.1693578,0.1556799
156,0.6752195,0.1692232,0.1555573
157,0.6755094,0.1690717,0.1554189
158,0.675813,0.1689131,0.1552739
159,0.6760641,0.1687819,0.1551541
160,0.6762752,0.1686713,0.1550535
161,0.6764575,0.1685758,0.1549667
162,0.6766206,0.1684902,0.1548892
163,0.6767727,0.1684103,0.154817
164,0.6769205,0.1683327,0.1547468
165,0.6770703,0.1682541,0.1546757
166,0.6772261,0.1681723,0.1546017
167,0.6773922,0.1680851,0.1545227
168,0.6775717,0.167991,0.1544373
169,0.6777678,0.1678881,0.1543441
170,0.6778274,0.1678561,0.1543165
171,0.6778549,0.1678409,0.1543042
172,0.6778648,0.1678349,0.1543002
173,0.6778685,0.1678323,0.1542992
174,0.6778752,0.1678282,0.1542966
175,0.6778917,0.167819,0.1542893
176,0.6779236,0.1678018,0.1542747
177,0.6779746,0.1677746,0.1542509
178,0.6780476,0.1677359,0.1542165
179,0.6781444,0.1676848,0.1541708
180,0.6782657,0.167621,0.1541133
181,0.6784107,0.1675447,0.1540446
182,0.6785375,0.1674778,0.1539847
183,0.6787456,0.1673687,0.1538856
184,0.6790342,0.167218,0.1537479
185,0.6794016,0.1670262,0.1535722
186,0.6798461,0.1667943,0.1533596
187,0.6803654,0.1665235,0.1531111
188,0.6809565,0.1662153,0.1528282
189,0.6816166,0.1658711,0.1525123
190,0.6823421,0.1654928,0.152165
191,0.6831294,0.1650823,0.1517882
192,0.6839746,0.1646417,0.1513838
193,0.6848732,0.1641732,0.1509536
194,0.68588,0.1636484,0.1504716
195,0.6869218,0.1631053,0.149973
196,0.6879869,0.1625498,0.1494634
197,0.6890666,0.1619865,0.1489469
198,0.6901545,0.1614189,0.1484265
199,0.6912457,0.1608497,0.1479047
200,0.6923366,0.1602805,0.1473829
201,0.6934254,0.1597125,0.1468621
202,0.6945108,0.1591463,0.146343
203,0.6955922,0.1585821,0.1458257
204,0.6966702,0.1580198,0.14531
205,0.6977453,0.1574589,0.1447957
206,0.6986784,0.156972,0.1443496
207,0.6995004,0.156543,0.1439566
208,0.700225,0.1561648,0.1436102
209,0.7008639,0.1558312,0.1433049
210,0.701427,0.1555372,0.1430358
211,0.701923,0.1552781,0.142799
212,0.7023589,0.1550502,0.1425909
213,0.7027408,0.1548505,0.1424087
214,0.7030736,0.1546764,0.14225
215,0.7033615,0.1545257,0.142113
216,0.7036076,0.1543967,0.1419958
217,0.7038146,0.154288,0.1418975
218,0.7040135,0.1541835,0.141803
219,0.7041871,0.1540921,0.1417208
220,0.7043343,0.1540145,0.1416512
221,0.7044538,0.1539513,0.141595
222,0.7045443,0.1539031,0.1415526
223,0.7046047,0.1538706,0.1415246
224,0.7046339,0.1538545,0.1415117
225,0.7046309,0.1538551,0.1415141
226,0.7045949,0.1538729,0.1415323
227,0.7045252,0.1539081,0.1415666
228,0.7044216,0.1539613,0.1416172
229,0.7042833,0.1540323,0.1416843
230,0.7042289,0.1540599,0.1417111
231,0.704246,0.1540502,0.1417038
232,0.7043224,0.1540096,0.141668
233,0.7044488,0.1539429,0.1416083
234,0.7046171,0.1538544,0.1415284
235,0.7048197,0.1537481,0.1414322
236,0.7050508,0.1536269,0.1413222
237,0.7053074,0.1534925,0.1412001
238,0.705587,0.1533461,0.1410669
239,0.7058881,0.1531885,0.1409234
240,0.7062096,0.1530203,0.1407701
241,0.7065504,0.1528421,0.1406076
242,0.7070127,0.1526006,0.1403867
243,0.7074553,0.1523694,0.1401753
244,0.7078838,0.1521455,0.1399706
245,0.7083026,0.1519267,0.1397706
246,0.7087152,0.1517112,0.1395736
247,0.7091237,0.1514978,0.1393786
248,0.7095293,0.1512859,0.1391848
249,0.7099329,0.1510751,0.138992
250,0.7103344,0.1508654,0.1388003
251,0.7107332,0.150657,0.1386097
252,0.7111286,0.1504506,0.1384209
253,0.7115196,0.1502464,0.138234
254,0.7118734,0.1500616,0.138065
255,0.7122723,0.1498531,0.1378745
256,0.7127107,0.1496241,0.1376652
257,0.7131836,0.149377,0.1374393
258,0.7136868,0.1491142,0.1371991
259,0.7142159,0.1488378,0.1369463
260,0.7147676,0.1485497,0.1366827
261,0.7153385,0.1482515,0.1364099
262,0.7159255,0.147945,0.1361295
263,0.7165254,0.1476318,0.1358428
264,0.7171357,0.1473132,0.1355511
265,0.7177538,0.1469905,0.1352557
266,0.7183548,0.1466767,0.1349685
267,0.7189334,0.1463746,0.134692
268,0.7194909,0.1460835,0.1344255
269,0.7200286,0.1458029,0.1341684
270,0.720547,0.1455324,0.1339206
271,0.7210461,0.1452719,0.1336819
272,0.7215269,0.1450211,0.133452
273,0.7219898,0.1447796,0.1332307
274,0.7224355,0.144547,0.1330174
275,0.722865,0.144323,0.132812
276,0.7232792,0.1441069,0.1326138
277,0.7236787,0.1438986,0.1324227
278,0.7239813,0.1437406,0.1322781
279,0.724247,0.1436019,0.1321511
280,0.7244806,0.14348,0.1320394
281,0.7246862,0.1433727,0.1319411
282,0.7248677,0.1432781,0.1318543
283,0.7250283,0.1431942,0.1317774
284,0.7251713,0.1431196,0.131709
285,0.7252991,0.143053,0.1316479
286,0.7254143,0.1429928,0.1315928
287,0.7255193,0.1429381,0.1315426
288,0.7256161,0.1428875,0.1314964
289,0.7257068,0.1428402,0.131453
290,0.7257485,0.1428183,0.1314331
291,0.7256864,0.1428503,0.1314632
292,0.7255289,0.1429318,0.1315393
293,0.7252834,0.143059,0.1316576
294,0.7249565,0.1432285,0.1318151
295,0.7245538,0.1434373,0.1320088
296,0.7240804,0.1436831,0.1322365
297,0.7235404,0.1439635,0.1324961
298,0.7229377,0.1442766,0.1327857
299,0.7222753,0.1446209,0.133104
300,0.7215557,0.1449949,0.1334495
301,0.720781,0.1453975,0.1338214
302,0.7200352,0.1457854,0.1341794
303,0.7192888,0.1461739,0.1345373
304,0.7185383,0.1465647,0.1348969
305,0.7177809,0.1469593,0.1352598
306,0.7170145,0.1473586,0.1356269
307,0.7162372,0.1477636,0.1359992
308,0.7154481,0.1481748,0.1363772
309,0.7146461,0.1485925,0.1367613
310,0.713831,0.1490172,0.1371518
311,0.7130025,0.1494488,0.1375487
312,0.7121605,0.1498874,0.1379521
313,0.7113051,0.1503329,0.138362
314,0.710439,0.1507839,0.138777
315,0.709608,0.1512166,0.1391753
316,0.7088078,0.1516334,0.1395588
317,0.708034,0.1520364,0.1399296
318,0.707283,0.1524276,0.1402895
319,0.7065511,0.1528087,0.1406402
320,0.7058353,0.1531816,0.1409832
321,0.7051325,0.1535476,0.1413199
322,0.7044399,0.1539084,0.1416517
323,0.7037549,0.1542652,0.1419798
324,0.7030749,0.1546195,0.1423056
325,0.7023969,0.1549726,0.1426304
326,0.7017588,0.155305,0.1429362
327,0.7012003,0.155596,0.1432038
328,0.7007095,0.1558517,0.1434388
329,0.7002768,0.1560774,0.1436459
330,0.6998944,0.1562768,0.1438289
331,0.6995561,0.1564533,0.1439906
332,0.6992567,0.1566096,0.1441337
333,0.6989924,0.1567477,0.14426
334,0.6987596,0.1568693,0.1443711
335,0.6985559,0.1569758,0.1444682
336,0.6983796,0.1570681,0.1445522
337,0.6982295,0.1571468,0.1446237
338,0.6978995,0.157319,0.1447815
339,0.6974964,0.1575293,0.1449743
340,0.6970292,0.157773,0.1451978
341,0.6965057,0.1580459,0.1454483
342,0.6959323,0.1583449,0.1457227
343,0.6953145,0.158667,0.1460185
344,0.6946569,0.1590098,0.1463333
345,0.6939636,0.1593712,0.1466652
346,0.693238,0.1597494,0.1470126
347,0.6924832,0.1601427,0.147374
348,0.6917021,0.1605497,0.1477481
349,0.6908975,0.1609691,0.1481334
350,0.6900201,0.1614265,0.1485535
351,0.6890545,0.1619296,0.1490159
352,0.6880094,0.1624741,0.1495165
353,0.6868921,0.1630561,0.1500517
354,0.6857088,0.1636725,0.1506187
355,0.6844649,0.1643204,0.1512147
356,0.6831646,0.1649976,0.1518378
357,0.6818117,0.1657022,0.152486
358,0.6804095,0.1664325,0.153158
359,0.6789601,0.1671873,0.1538526
360,0.677466,0.1679654,0.1545686
361,0.6759295,0.1687656,0.155305
362,0.6744366,0.1695432,0.1560202
363,0.6729659,0.1703092,0.1567249
364,0.6715155,0.1710646,0.1574199
365,0.6700829,0.1718107,0.1581063
366,0.6686662,0.1725486,0.1587851
367,0.6672632,0.1732794,0.1594574
368,0.6658717,0.1740041,0.1601242
369,0.6644901,0.1747238,0.1607861
370,0.6631165,0.1754393,0.1614443
371,0.6617491,0.1761515,0.1620995
372,0.6603861,0.1768614,0.1627525
373,0.6590257,0.1775699,0.1634043
374,0.657783,0.1782172,0.1639998
375,0.6566436,0.1788106,0.1645458
376,0.6555943,0.1793572,0.1650485
377,0.6546243,0.1798624,0.1655132
378,0.6537247,0.1803311,0.1659442
379,0.6528882,0.1807669,0.1663449
380,0.652109,0.181173,0.1667181
381,0.651382,0.1815518,0.1670662
382,0.6507034,0.1819054,0.1673911
383,0.6500702,0.1822355,0.1676943
384,0.6494796,0.1825434,0.167977
385,0.6489295,0.1828302,0.1682403
386,0.6483929,0.1831099,0.1684973
387,0.6479017,0.1833659,0.1687324
388,0.6474557,0.1835985,0.1689459
389,0.6470544,0.1838078,0.1691378
390,0.6466979,0.1839937,0.1693084
391,0.6463856,0.1841568,0.1694577
392,0.6461168,0.1842971,0.1695861
393,0.6458896,0.1844158,0.1696946
394,0.6457037,0.184513,0.1697832
395,0.645559,0.1845888,0.1698523
396,0.6454545,0.1846436,0.1699018
