    unsorted:	 246.7401105 246.7401105 246.7401105 246.7401105 246.7401105 0.05360168865 1.822460615 144.9735288 302.6583166 43048.89863 42762.59548 50557.90475 50192.26758 52251.58251 39207.27943 33478.18734 31477.27598 28731.91341 24205.30461 21591.84930 19730.75425 17052.55129 14042.53073 11504.43220 5536.137020 6969.315500 59219.59134 63022.94602 76294.39855 77519.40705 80021.41266 84142.29384 86753.17828 101508.8118 106558.6454 107243.3199 110222.4282 116320.0969 120129.2522 133416.7607 136488.1224 147313.7757 251017.5134 610600.2089 707429.4656 4178286.651
      sorted:	 0.05360168865 1.822460615 144.9735288 246.7401105 246.7401105 246.7401105 246.7401105 246.7401105 302.6583166 5536.137020 6969.315500 11504.43220 14042.53073 17052.55129 19730.75425 21591.84930 24205.30461 28731.91341 31477.27598 33478.18734 39207.27943 42762.59548 43048.89863 50192.26758 50557.90475 52251.58251 59219.59134 63022.94602 76294.39855 77519.40705 80021.41266 84142.29384 86753.17828 101508.8118 106558.6454 107243.3199 110222.4282 116320.0969 120129.2522 133416.7607 136488.1224 147313.7757 251017.5134 610600.2089 707429.4656 4178286.651
