EwEVersion,"6.6.5.17207 (compiled 12/14/2020)"
Date,"3/7/2022 2:57:38 PM"
ModelName,"NWACS AM 7ages base run"
EcosimScenario,base_run1
TimeSeries,"copyUpdated NWACS MICE 5 v2-1-6-Time series grid"
StartYear,1985

Data,"Prey of menhaden 1"

timestep\group,zooplankton,phytoplankton,Detritus,
1,0.5400094,0.2389934,0.2209972
2,0.5400168,0.2389931,0.2209902
3,0.5400326,0.2389867,0.2209806
4,0.5400513,0.2389782,0.2209705
5,0.5400712,0.2389684,0.2209605
6,0.5400916,0.2389579,0.2209506
7,0.5401121,0.2389471,0.2209408
8,0.5401332,0.2389358,0.2209309
9,0.5401549,0.2389241,0.220921
10,0.5401773,0.2389119,0.2209108
11,0.5402008,0.2388989,0.2209003
12,0.5402254,0.2388852,0.2208894
13,0.5402507,0.2388704,0.2208789
14,0.540262,0.2388622,0.2208758
15,0.540264,0.2388597,0.2208763
16,0.5402597,0.2388615,0.2208789
17,0.5402509,0.2388663,0.2208828
18,0.5402387,0.2388735,0.2208878
19,0.5402239,0.2388825,0.2208936
20,0.5402066,0.2388931,0.2209004
21,0.540187,0.2389051,0.2209079
22,0.5401651,0.2389185,0.2209164
23,0.5401409,0.2389334,0.2209258
24,0.5401147,0.2389494,0.220936
25,0.5400866,0.2389668,0.2209466
26,0.5400611,0.2389835,0.2209555
27,0.5400372,0.2389991,0.2209637
28,0.5400147,0.2390138,0.2209713
29,0.5399933,0.2390279,0.2209788
30,0.5399729,0.2390412,0.2209858
31,0.5399534,0.2390539,0.2209927
32,0.5399348,0.239066,0.2209992
33,0.5399171,0.2390774,0.2210054
34,0.5399002,0.2390883,0.2210114
35,0.5398842,0.2390987,0.2210171
36,0.5398688,0.2391087,0.2210225
37,0.5398542,0.2391185,0.2210274
38,0.5398445,0.2391259,0.2210296
39,0.5398372,0.2391318,0.221031
40,0.539831,0.2391367,0.2210321
41,0.539825,0.2391415,0.2210335
42,0.5398185,0.2391465,0.2210351
43,0.5398111,0.2391519,0.221037
44,0.5398028,0.2391579,0.2210393
45,0.5397937,0.2391644,0.2210419
46,0.539784,0.2391712,0.2210448
47,0.5397738,0.2391784,0.2210477
48,0.5397635,0.2391858,0.2210507
49,0.5397531,0.2391932,0.2210536
50,0.5397434,0.2392005,0.2210561
51,0.5397339,0.2392075,0.2210586
52,0.5397248,0.2392142,0.221061
53,0.5397161,0.2392208,0.2210632
54,0.539708,0.2392269,0.2210651
55,0.5397009,0.2392324,0.2210667
56,0.5396951,0.2392372,0.2210677
57,0.5396909,0.2392411,0.2210681
58,0.5396883,0.2392439,0.2210678
59,0.5396875,0.2392457,0.2210667
60,0.5396886,0.2392464,0.221065
61,0.5396915,0.2392457,0.2210627
62,0.5396907,0.2392467,0.2210626
63,0.5396881,0.2392489,0.2210631
64,0.5396845,0.2392517,0.2210637
65,0.539681,0.2392549,0.2210641
66,0.5396777,0.2392579,0.2210643
67,0.5396752,0.2392607,0.221064
68,0.5396734,0.2392631,0.2210635
69,0.5396725,0.2392651,0.2210625
70,0.5396725,0.2392665,0.2210611
71,0.5396731,0.2392675,0.2210593
72,0.5396747,0.239268,0.2210573
73,0.5396768,0.2392681,0.2210551
74,0.5396773,0.239269,0.2210538
75,0.5396768,0.2392704,0.2210527
76,0.5396762,0.2392721,0.2210516
77,0.5396756,0.239274,0.2210505
78,0.5396749,0.2392759,0.2210493
79,0.5396742,0.2392778,0.221048
80,0.5396733,0.2392798,0.2210468
81,0.5396722,0.2392821,0.2210457
82,0.5396705,0.2392847,0.2210447
83,0.5396684,0.2392875,0.221044
84,0.5396657,0.2392908,0.2210435
85,0.5396619,0.2392944,0.2210437
86,0.5396521,0.2393007,0.2210472
87,0.5396387,0.2393094,0.221052
88,0.539623,0.2393196,0.2210574
89,0.539606,0.2393308,0.2210631
90,0.5395884,0.2393427,0.221069
91,0.5395702,0.2393548,0.2210749
92,0.5395517,0.2393673,0.221081
93,0.539533,0.2393799,0.2210871
94,0.5395138,0.2393928,0.2210934
95,0.5394945,0.2394058,0.2210997
96,0.5394747,0.239419,0.2211062
97,0.5394548,0.2394323,0.2211129
98,0.539432,0.2394468,0.2211211
99,0.539408,0.2394623,0.2211297
100,0.5393835,0.2394782,0.2211384
101,0.539359,0.2394941,0.2211469
102,0.5393349,0.2395099,0.2211552
103,0.5393113,0.2395254,0.2211633
104,0.539288,0.2395407,0.2211713
105,0.5392652,0.2395557,0.2211791
106,0.5392427,0.2395705,0.2211867
107,0.5392206,0.2395851,0.2211942
108,0.5391988,0.2395996,0.2212017
109,0.5391772,0.2396138,0.221209
110,0.5391545,0.2396285,0.2212171
111,0.5391315,0.2396435,0.2212251
112,0.5391087,0.2396583,0.2212329
113,0.5390868,0.2396728,0.2212404
114,0.5390657,0.2396868,0.2212475
115,0.5390455,0.2397002,0.2212542
116,0.5390265,0.239713,0.2212605
117,0.5390085,0.2397251,0.2212664
118,0.5389915,0.2397366,0.2212719
119,0.5389754,0.2397476,0.221277
120,0.5389603,0.2397579,0.2212818
121,0.5389464,0.2397677,0.2212859
122,0.5389419,0.2397726,0.2212855
123,0.5389434,0.2397737,0.2212829
124,0.538949,0.2397719,0.2212791
125,0.5389573,0.2397683,0.2212744
126,0.5389675,0.2397633,0.2212691
127,0.5389792,0.2397573,0.2212635
128,0.5389922,0.2397505,0.2212574
129,0.5390061,0.239743,0.2212508
130,0.5390212,0.2397348,0.2212439
131,0.5390374,0.239726,0.2212367
132,0.5390544,0.2397165,0.221229
133,0.5390724,0.2397064,0.2212212
134,0.5390868,0.2396979,0.2212152
135,0.5390993,0.2396906,0.2212101
136,0.5391105,0.2396841,0.2212054
137,0.5391211,0.2396781,0.2212007
138,0.5391315,0.2396724,0.2211961
139,0.5391417,0.2396668,0.2211915
140,0.539152,0.2396611,0.2211868
141,0.5391624,0.2396555,0.2211821
142,0.5391728,0.2396497,0.2211775
143,0.5391833,0.2396439,0.2211727
144,0.5391939,0.2396381,0.221168
145,0.5392047,0.2396322,0.2211631
146,0.5392184,0.2396251,0.2211566
147,0.5392338,0.2396167,0.2211494
148,0.5392506,0.2396075,0.2211419
149,0.5392681,0.2395977,0.2211342
150,0.539286,0.2395876,0.2211265
151,0.5393041,0.2395772,0.2211187
152,0.5393222,0.2395668,0.221111
153,0.5393401,0.2395565,0.2211034
154,0.5393579,0.2395462,0.2210959
155,0.5393753,0.2395361,0.2210886
156,0.5393923,0.2395262,0.2210815
157,0.539409,0.2395166,0.2210743
158,0.5394275,0.2395064,0.2210661
159,0.5394468,0.2394956,0.2210576
160,0.5394662,0.2394847,0.2210491
161,0.5394852,0.2394738,0.2210409
162,0.5395036,0.2394632,0.2210332
163,0.5395213,0.239453,0.2210257
164,0.5395381,0.2394432,0.2210186
165,0.5395542,0.2394339,0.2210119
166,0.5395694,0.2394251,0.2210055
167,0.5395839,0.2394166,0.2209995
168,0.5395976,0.2394086,0.2209938
169,0.5396105,0.2394008,0.2209887
170,0.5396188,0.2393949,0.2209863
171,0.5396242,0.2393908,0.220985
172,0.5396276,0.239388,0.2209844
173,0.5396296,0.2393862,0.2209843
174,0.5396308,0.2393849,0.2209844
175,0.5396314,0.2393839,0.2209847
176,0.5396317,0.2393832,0.2209851
177,0.5396317,0.2393825,0.2209857
178,0.5396317,0.239382,0.2209863
179,0.5396318,0.2393814,0.2209869
180,0.5396318,0.2393807,0.2209875
181,0.5396318,0.2393799,0.2209883
182,0.5396277,0.2393809,0.2209913
183,0.5396215,0.2393834,0.2209951
184,0.5396144,0.2393865,0.2209991
185,0.5396072,0.2393899,0.2210029
186,0.5396004,0.239393,0.2210065
187,0.5395945,0.2393957,0.2210098
188,0.5395896,0.2393978,0.2210126
189,0.5395856,0.2393993,0.2210151
190,0.5395828,0.2394001,0.2210171
191,0.5395811,0.2394003,0.2210187
192,0.5395803,0.2393998,0.2210199
193,0.5395807,0.2393988,0.2210205
194,0.5395862,0.2393952,0.2210186
195,0.539595,0.2393895,0.2210154
196,0.5396062,0.2393823,0.2210115
197,0.5396188,0.2393741,0.2210072
198,0.5396324,0.2393651,0.2210025
199,0.5396466,0.2393558,0.2209976
200,0.539661,0.2393464,0.2209926
201,0.5396757,0.2393368,0.2209875
202,0.5396904,0.2393271,0.2209824
203,0.5397053,0.2393176,0.2209772
204,0.5397201,0.239308,0.220972
205,0.5397346,0.2392984,0.2209669
206,0.5397472,0.2392898,0.2209629
207,0.5397587,0.239282,0.2209594
208,0.5397695,0.2392746,0.2209559
209,0.5397801,0.2392674,0.2209525
210,0.5397905,0.2392604,0.2209491
211,0.5398008,0.2392534,0.2209457
212,0.5398113,0.2392465,0.2209423
213,0.5398217,0.2392396,0.2209388
214,0.5398321,0.2392326,0.2209352
215,0.5398426,0.2392257,0.2209317
216,0.539853,0.2392188,0.2209282
217,0.5398633,0.2392118,0.2209247
218,0.5398749,0.2392044,0.2209208
219,0.5398868,0.2391966,0.2209166
220,0.5398991,0.2391886,0.2209124
221,0.5399112,0.2391807,0.2209082
222,0.5399231,0.2391728,0.2209041
223,0.5399348,0.2391652,0.2209001
224,0.5399458,0.2391578,0.2208963
225,0.5399566,0.2391507,0.2208928
226,0.5399668,0.2391439,0.2208894
227,0.5399763,0.2391375,0.2208862
228,0.5399855,0.2391314,0.2208831
229,0.539994,0.2391257,0.2208802
230,0.5400037,0.2391196,0.2208767
231,0.5400138,0.2391132,0.220873
232,0.540024,0.2391066,0.2208692
233,0.5400342,0.2391001,0.2208656
234,0.5400443,0.2390936,0.220862
235,0.5400541,0.2390872,0.2208586
236,0.5400639,0.239081,0.2208551
237,0.5400734,0.2390748,0.2208519
238,0.5400828,0.2390686,0.2208486
239,0.5400921,0.2390625,0.2208454
240,0.5401012,0.2390566,0.2208422
241,0.5401102,0.2390507,0.2208391
242,0.5401195,0.2390446,0.2208358
243,0.5401288,0.2390386,0.2208326
244,0.5401379,0.2390327,0.2208294
245,0.5401466,0.2390269,0.2208264
246,0.5401551,0.2390214,0.2208236
247,0.5401631,0.239016,0.2208209
248,0.5401707,0.2390109,0.2208184
249,0.540178,0.239006,0.220816
250,0.5401849,0.2390014,0.2208138
251,0.5401915,0.2389969,0.2208116
252,0.5401978,0.2389926,0.2208096
253,0.5402038,0.2389886,0.2208077
254,0.5402114,0.2389835,0.220805
255,0.54022,0.2389779,0.2208021
256,0.5402292,0.2389719,0.2207989
257,0.5402387,0.2389656,0.2207958
258,0.5402482,0.2389592,0.2207926
259,0.5402579,0.2389527,0.2207895
260,0.5402676,0.2389461,0.2207863
261,0.5402775,0.2389395,0.2207831
262,0.5402874,0.2389327,0.2207798
263,0.5402976,0.2389259,0.2207765
264,0.5403079,0.238919,0.2207732
265,0.5403181,0.2389119,0.2207699
266,0.540327,0.2389056,0.2207674
267,0.5403346,0.2389,0.2207655
268,0.5403413,0.238895,0.2207638
269,0.540347,0.2388905,0.2207624
270,0.5403521,0.2388866,0.2207613
271,0.5403565,0.2388831,0.2207604
272,0.5403602,0.2388801,0.2207598
273,0.5403632,0.2388775,0.2207594
274,0.5403655,0.2388753,0.2207592
275,0.5403673,0.2388735,0.2207592
276,0.5403686,0.238872,0.2207595
277,0.5403692,0.2388708,0.22076
278,0.5403672,0.2388708,0.2207619
279,0.5403638,0.2388718,0.2207644
280,0.5403594,0.2388734,0.2207672
281,0.5403544,0.2388756,0.22077
282,0.5403491,0.2388778,0.220773
283,0.5403438,0.2388804,0.2207759
284,0.5403382,0.2388829,0.2207789
285,0.5403325,0.2388855,0.2207819
286,0.5403269,0.2388882,0.2207849
287,0.5403211,0.2388909,0.220788
288,0.5403152,0.2388937,0.2207911
289,0.5403093,0.2388966,0.2207941
290,0.540308,0.2388971,0.2207949
291,0.5403095,0.2388957,0.2207947
292,0.5403126,0.2388932,0.2207941
293,0.5403164,0.2388903,0.2207934
294,0.5403202,0.2388871,0.2207927
295,0.5403238,0.2388841,0.2207921
296,0.5403268,0.2388813,0.2207918
297,0.5403293,0.238879,0.2207917
298,0.5403311,0.2388771,0.2207918
299,0.5403323,0.2388755,0.2207922
300,0.5403329,0.2388743,0.2207928
301,0.540333,0.2388736,0.2207934
302,0.5403287,0.2388754,0.2207958
303,0.5403218,0.2388792,0.2207991
304,0.5403129,0.2388841,0.2208029
305,0.5403033,0.2388897,0.220807
306,0.5402935,0.2388955,0.2208111
307,0.5402835,0.2389014,0.2208151
308,0.5402739,0.2389071,0.220819
309,0.5402648,0.2389126,0.2208227
310,0.540256,0.2389177,0.2208263
311,0.5402479,0.2389226,0.2208296
312,0.5402401,0.2389271,0.2208328
313,0.5402327,0.2389313,0.2208359
314,0.540225,0.2389356,0.2208394
315,0.5402172,0.2389399,0.2208429
316,0.5402092,0.2389444,0.2208464
317,0.5402011,0.2389488,0.22085
318,0.5401931,0.2389534,0.2208535
319,0.5401852,0.2389579,0.2208569
320,0.5401772,0.2389624,0.2208603
321,0.5401695,0.238967,0.2208636
322,0.5401617,0.2389714,0.2208668
323,0.5401542,0.2389758,0.22087
324,0.5401468,0.2389802,0.220873
325,0.5401396,0.2389844,0.2208761
326,0.5401309,0.2389891,0.2208801
327,0.5401215,0.2389942,0.2208842
328,0.5401118,0.2389997,0.2208885
329,0.5401021,0.2390053,0.2208926
330,0.5400925,0.2390108,0.2208966
331,0.5400831,0.2390164,0.2209005
332,0.5400739,0.2390218,0.2209043
333,0.5400649,0.2390271,0.2209079
334,0.540056,0.2390324,0.2209115
335,0.5400475,0.2390376,0.220915
336,0.5400389,0.2390427,0.2209183
337,0.5400306,0.2390477,0.2209217
338,0.5400216,0.239053,0.2209254
339,0.5400124,0.2390584,0.2209292
340,0.5400032,0.2390638,0.2209329
341,0.5399945,0.2390691,0.2209364
342,0.5399861,0.2390742,0.2209397
343,0.539978,0.2390791,0.2209428
344,0.5399702,0.2390839,0.2209459
345,0.5399626,0.2390886,0.2209488
346,0.5399551,0.2390932,0.2209517
347,0.5399477,0.2390978,0.2209545
348,0.5399404,0.2391023,0.2209574
349,0.539933,0.2391069,0.22096
350,0.5399275,0.2391109,0.2209616
351,0.5399229,0.2391143,0.2209628
352,0.5399188,0.2391172,0.2209639
353,0.5399153,0.2391199,0.2209648
354,0.5399118,0.2391224,0.2209657
355,0.5399085,0.2391248,0.2209666
356,0.5399053,0.2391272,0.2209675
357,0.5399022,0.2391295,0.2209683
358,0.5398992,0.2391317,0.2209691
359,0.5398961,0.239134,0.2209699
360,0.5398931,0.2391362,0.2209707
361,0.5398901,0.2391385,0.2209713
362,0.5398883,0.2391404,0.2209713
363,0.5398868,0.239142,0.2209711
364,0.5398854,0.2391437,0.220971
365,0.5398837,0.2391454,0.220971
366,0.5398816,0.2391472,0.2209711
367,0.5398793,0.2391493,0.2209715
368,0.5398766,0.2391515,0.220972
369,0.5398735,0.2391539,0.2209726
370,0.5398703,0.2391564,0.2209733
371,0.5398667,0.2391591,0.2209741
372,0.5398631,0.2391619,0.220975
373,0.5398592,0.2391647,0.2209761
374,0.5398549,0.2391677,0.2209775
375,0.5398502,0.2391707,0.2209791
376,0.5398452,0.239174,0.2209808
377,0.5398398,0.2391775,0.2209827
378,0.539834,0.2391812,0.2209847
379,0.5398279,0.2391851,0.2209869
380,0.5398216,0.2391892,0.2209892
381,0.5398151,0.2391935,0.2209915
382,0.5398083,0.2391978,0.220994
383,0.5398014,0.2392021,0.2209965
384,0.5397944,0.2392066,0.220999
385,0.5397872,0.2392111,0.2210017
386,0.539779,0.2392159,0.2210052
387,0.5397702,0.239221,0.2210088
388,0.5397609,0.2392264,0.2210126
389,0.5397517,0.2392319,0.2210164
390,0.5397423,0.2392375,0.2210202
391,0.5397329,0.2392431,0.221024
392,0.5397235,0.2392487,0.2210278
393,0.539714,0.2392543,0.2210317
394,0.5397045,0.23926,0.2210355
395,0.5396949,0.2392656,0.2210394
396,0.5396854,0.2392713,0.2210434
