EwEVersion,"6.6.5.17207 (compiled 12/14/2020)"
Date,"3/7/2022 2:57:38 PM"
ModelName,"NWACS AM 7ages base run"
EcosimScenario,base_run1
TimeSeries,"copyUpdated NWACS MICE 5 v2-1-6-Time series grid"
StartYear,1985

Data,"Prey of anchovies"

timestep\group,benthos,zooplankton,phytoplankton,Detritus,
1,0.1009997,0.6840069,0.1549946,0.0599988
2,0.1009966,0.6840131,0.1549937,0.05999668
3,0.1009913,0.6840267,0.1549883,0.05999365
4,0.1009849,0.6840433,0.1549813,0.05999044
5,0.1009777,0.6840615,0.1549736,0.0599873
6,0.10097,0.6840803,0.1549655,0.05998422
7,0.1009617,0.6840998,0.1549572,0.05998125
8,0.100953,0.6841199,0.1549488,0.0599783
9,0.1009438,0.6841409,0.15494,0.05997531
10,0.1009339,0.6841628,0.1549309,0.05997228
11,0.1009236,0.6841859,0.1549214,0.05996915
12,0.1009128,0.6842101,0.1549112,0.05996587
13,0.1009016,0.6842353,0.1549005,0.05996273
14,0.1008937,0.6842489,0.1548953,0.0599621
15,0.100888,0.6842545,0.1548947,0.0599628
16,0.1008835,0.6842548,0.1548974,0.05996429
17,0.1008795,0.6842515,0.1549027,0.05996633
18,0.1008759,0.6842456,0.1549098,0.05996878
19,0.1008725,0.6842376,0.1549184,0.05997159
20,0.1008692,0.6842278,0.1549283,0.05997474
21,0.100866,0.6842163,0.1549394,0.05997824
22,0.1008631,0.6842031,0.1549517,0.05998208
23,0.1008602,0.6841884,0.1549652,0.05998627
24,0.1008575,0.684172,0.1549797,0.05999077
25,0.1008549,0.6841543,0.1549953,0.0599955
26,0.1008512,0.6841388,0.1550103,0.0599997
27,0.1008464,0.6841252,0.1550245,0.0600037
28,0.100841,0.6841133,0.1550382,0.06000759
29,0.1008349,0.6841022,0.1550514,0.06001139
30,0.1008283,0.6840925,0.1550641,0.0600151
31,0.1008212,0.6840837,0.1550764,0.06001875
32,0.1008136,0.6840758,0.1550882,0.06002229
33,0.1008056,0.684069,0.1550996,0.06002574
34,0.1007972,0.684063,0.1551106,0.06002911
35,0.1007885,0.6840579,0.1551213,0.06003237
36,0.1007794,0.6840535,0.1551316,0.06003558
37,0.1007701,0.6840497,0.1551417,0.06003858
38,0.1007593,0.6840501,0.1551498,0.06004067
39,0.1007477,0.6840532,0.1551567,0.06004243
40,0.1007356,0.6840574,0.155163,0.06004407
41,0.1007233,0.6840619,0.1551691,0.06004573
42,0.1007109,0.6840662,0.1551755,0.06004748
43,0.1006983,0.6840702,0.1551822,0.06004934
44,0.1006855,0.6840738,0.1551894,0.06005132
45,0.1006726,0.684077,0.155197,0.06005339
46,0.1006595,0.6840801,0.155205,0.06005555
47,0.100646,0.684083,0.1552132,0.06005774
48,0.1006322,0.6840861,0.1552217,0.06005995
49,0.1006181,0.6840896,0.1552302,0.06006213
50,0.1006031,0.6840941,0.1552386,0.06006417
51,0.1005876,0.6840995,0.1552468,0.06006617
52,0.1005715,0.6841055,0.1552549,0.06006812
53,0.1005551,0.6841121,0.1552629,0.06006997
54,0.1005383,0.6841196,0.1552705,0.06007168
55,0.1005212,0.6841281,0.1552775,0.06007321
56,0.1005037,0.6841378,0.155284,0.06007451
57,0.1004858,0.6841489,0.1552896,0.06007552
58,0.1004677,0.6841617,0.1552945,0.06007625
59,0.1004492,0.6841758,0.1552984,0.06007665
60,0.1004305,0.6841916,0.1553012,0.06007673
61,0.1004115,0.6842088,0.1553031,0.06007656
62,0.1003933,0.6842234,0.1553063,0.06007705
63,0.1003754,0.6842364,0.1553105,0.06007774
64,0.1003575,0.6842489,0.1553151,0.06007843
65,0.1003396,0.6842616,0.1553199,0.06007902
66,0.1003214,0.6842745,0.1553245,0.06007947
67,0.1003032,0.6842881,0.1553289,0.06007974
68,0.1002848,0.6843025,0.1553329,0.06007984
69,0.1002662,0.6843176,0.1553365,0.06007972
70,0.1002475,0.6843335,0.1553396,0.06007945
71,0.1002287,0.68435,0.1553423,0.06007901
72,0.1002098,0.6843672,0.1553445,0.06007842
73,0.1001909,0.684385,0.1553465,0.06007772
74,0.1001722,0.6844015,0.1553491,0.06007735
75,0.1001535,0.6844173,0.1553521,0.06007706
76,0.1001348,0.684433,0.1553554,0.06007678
77,0.1001159,0.6844489,0.1553587,0.06007646
78,0.100097,0.6844648,0.1553621,0.06007614
79,0.1000781,0.6844805,0.1553655,0.06007579
80,0.1000591,0.6844964,0.1553691,0.06007544
81,0.1000403,0.684512,0.1553727,0.06007512
82,0.1000215,0.6845271,0.1553766,0.06007486
83,0.1000029,0.6845416,0.1553807,0.06007466
84,0.09998453,0.6845558,0.1553851,0.06007455
85,0.09996629,0.6845692,0.1553899,0.06007465
86,0.09994974,0.6845775,0.155397,0.06007586
87,0.09993421,0.6845824,0.1554059,0.06007754
88,0.0999193,0.6845853,0.155416,0.06007946
89,0.09990472,0.684587,0.1554268,0.06008149
90,0.09989034,0.684588,0.155438,0.06008357
91,0.09987611,0.6845887,0.1554496,0.0600857
92,0.09986202,0.6845888,0.1554613,0.06008785
93,0.0998481,0.6845887,0.1554732,0.06009004
94,0.09983429,0.6845883,0.1554852,0.06009229
95,0.09982066,0.6845875,0.1554974,0.06009457
96,0.09980714,0.6845863,0.1555097,0.06009688
97,0.09979372,0.684585,0.155522,0.0600993
98,0.09978073,0.6845815,0.1555356,0.06010224
99,0.09976785,0.6845769,0.1555498,0.06010535
100,0.09975488,0.6845722,0.1555645,0.06010851
101,0.09974174,0.6845675,0.1555791,0.06011165
102,0.09972844,0.6845632,0.1555937,0.06011473
103,0.09971499,0.6845592,0.1556081,0.06011775
104,0.09970145,0.6845556,0.1556222,0.06012072
105,0.09968787,0.6845523,0.1556363,0.06012365
106,0.09967425,0.6845492,0.15565,0.06012652
107,0.09966065,0.6845462,0.1556637,0.06012939
108,0.09964706,0.6845435,0.1556772,0.06013222
109,0.09963346,0.6845409,0.1556906,0.06013504
110,0.09961993,0.6845374,0.1557045,0.06013812
111,0.09960627,0.6845339,0.1557186,0.06014125
112,0.09959236,0.6845307,0.1557326,0.06014434
113,0.09957815,0.6845281,0.1557464,0.06014735
114,0.09956361,0.6845263,0.1557598,0.06015022
115,0.09954884,0.6845254,0.1557728,0.06015299
116,0.09953383,0.6845253,0.1557852,0.06015562
117,0.0995186,0.6845261,0.1557972,0.06015814
118,0.09950321,0.6845277,0.1558087,0.06016052
119,0.09948768,0.6845299,0.1558197,0.06016278
120,0.09947202,0.6845329,0.1558302,0.06016492
121,0.09945626,0.6845366,0.1558402,0.06016683
122,0.09944019,0.6845468,0.1558459,0.06016709
123,0.09942441,0.6845609,0.1558482,0.06016643
124,0.09940922,0.6845774,0.1558481,0.0601652
125,0.09939473,0.6845953,0.1558464,0.06016362
126,0.09938091,0.684614,0.1558434,0.06016175
127,0.09936768,0.6846333,0.1558395,0.06015966
128,0.09935492,0.6846529,0.1558348,0.06015739
129,0.09934258,0.684673,0.1558294,0.06015497
130,0.09933054,0.6846936,0.1558235,0.06015237
131,0.09931874,0.6847146,0.155817,0.06014961
132,0.09930718,0.6847362,0.1558099,0.06014672
133,0.09929579,0.6847581,0.1558023,0.06014375
134,0.09928513,0.6847773,0.1557961,0.06014145
135,0.0992749,0.6847946,0.1557909,0.06013947
136,0.09926488,0.6848111,0.1557864,0.06013766
137,0.09925502,0.6848268,0.1557823,0.06013591
138,0.09924527,0.6848422,0.1557783,0.06013418
139,0.09923574,0.6848574,0.1557745,0.06013247
140,0.09922642,0.6848723,0.1557705,0.06013076
141,0.09921741,0.684887,0.1557665,0.06012901
142,0.09920875,0.6849017,0.1557624,0.06012726
143,0.09920048,0.6849159,0.1557582,0.06012549
144,0.0991926,0.6849298,0.1557539,0.06012369
145,0.0991852,0.6849435,0.1557495,0.06012182
146,0.09917773,0.6849591,0.1557439,0.06011938
147,0.09917036,0.6849758,0.1557372,0.06011667
148,0.09916332,0.6849931,0.1557298,0.06011381
149,0.0991566,0.6850106,0.1557219,0.06011082
150,0.09915031,0.6850283,0.1557136,0.0601078
151,0.09914447,0.6850457,0.1557051,0.06010477
152,0.09913904,0.6850627,0.1556965,0.06010173
153,0.09913406,0.6850793,0.1556879,0.06009871
154,0.09912948,0.6850954,0.1556794,0.06009571
155,0.09912536,0.685111,0.1556709,0.06009277
156,0.09912164,0.685126,0.1556625,0.06008988
157,0.09911837,0.6851403,0.1556543,0.06008698
158,0.09911466,0.6851561,0.1556455,0.06008371
159,0.09911088,0.6851725,0.1556363,0.06008035
160,0.09910726,0.6851888,0.1556269,0.060077
161,0.099104,0.6852047,0.1556177,0.06007374
162,0.09910115,0.6852198,0.1556085,0.06007057
163,0.09909877,0.685234,0.1555997,0.06006751
164,0.09909692,0.6852472,0.1555912,0.06006458
165,0.09909561,0.6852596,0.155583,0.06006176
166,0.09909487,0.685271,0.1555751,0.06005906
167,0.09909468,0.6852813,0.1555675,0.06005644
168,0.0990951,0.6852908,0.1555602,0.06005393
169,0.0990961,0.6852993,0.155553,0.0600516
170,0.09909898,0.6853034,0.1555474,0.06005011
171,0.09910329,0.6853044,0.1555432,0.06004903
172,0.09910869,0.6853032,0.1555399,0.06004815
173,0.09911495,0.6853004,0.1555372,0.06004742
174,0.09912196,0.6852965,0.1555349,0.06004676
175,0.09912964,0.6852915,0.1555327,0.06004613
176,0.09913797,0.6852858,0.1555307,0.0600455
177,0.0991469,0.6852796,0.1555286,0.06004488
178,0.09915645,0.6852728,0.1555265,0.06004426
179,0.09916661,0.6852655,0.1555242,0.06004358
180,0.09917738,0.6852579,0.1555218,0.0600429
181,0.09918871,0.6852499,0.1555192,0.06004224
182,0.0992011,0.6852384,0.1555182,0.0600423
183,0.09921414,0.6852249,0.1555184,0.06004265
184,0.0992275,0.6852104,0.155519,0.06004309
185,0.09924103,0.6851957,0.1555198,0.0600435
186,0.09925457,0.6851813,0.1555203,0.0600438
187,0.09926808,0.6851675,0.1555204,0.06004398
188,0.09928149,0.6851544,0.1555201,0.06004399
189,0.09929483,0.6851422,0.1555192,0.06004386
190,0.09930801,0.6851307,0.1555178,0.06004356
191,0.09932104,0.68512,0.1555158,0.06004311
192,0.09933389,0.6851103,0.1555134,0.06004251
193,0.09934653,0.6851014,0.1555104,0.06004171
194,0.09935862,0.6850962,0.1555052,0.06004001
195,0.09937035,0.6850937,0.1554982,0.06003782
196,0.09938188,0.6850928,0.15549,0.06003531
197,0.09939328,0.6850932,0.1554809,0.06003263
198,0.09940455,0.6850942,0.1554713,0.06002984
199,0.09941568,0.6850959,0.1554615,0.06002697
200,0.09942663,0.6850978,0.1554515,0.06002406
201,0.09943738,0.6851,0.1554414,0.06002115
202,0.0994479,0.6851025,0.1554314,0.06001824
203,0.09945815,0.6851051,0.1554214,0.06001533
204,0.09946814,0.6851079,0.1554114,0.06001243
205,0.09947789,0.6851109,0.1554016,0.06000962
206,0.09948746,0.6851126,0.1553927,0.06000719
207,0.09949686,0.6851137,0.1553844,0.06000497
208,0.09950598,0.6851146,0.1553766,0.06000282
209,0.09951489,0.6851154,0.1553691,0.06000072
210,0.09952361,0.6851162,0.1553616,0.05999864
211,0.09953215,0.685117,0.1553542,0.05999657
212,0.09954059,0.685118,0.1553469,0.05999449
213,0.09954897,0.6851191,0.1553395,0.0599924
214,0.09955731,0.6851202,0.1553322,0.05999032
215,0.09956563,0.6851214,0.1553249,0.05998823
216,0.09957395,0.6851224,0.1553175,0.05998614
217,0.09958227,0.6851234,0.1553102,0.05998407
218,0.09959081,0.685125,0.1553024,0.05998179
219,0.09959956,0.6851268,0.1552942,0.05997942
220,0.09960856,0.6851286,0.1552859,0.05997701
221,0.09961773,0.6851301,0.1552775,0.05997461
222,0.09962708,0.6851315,0.1552692,0.05997223
223,0.09963655,0.6851325,0.155261,0.05996991
224,0.09964611,0.6851331,0.1552531,0.05996765
225,0.09965573,0.6851333,0.1552455,0.05996546
226,0.0996654,0.6851332,0.1552381,0.05996335
227,0.09967507,0.6851327,0.155231,0.05996132
228,0.09968472,0.6851317,0.1552242,0.05995937
229,0.09969436,0.6851305,0.1552177,0.05995749
230,0.09970377,0.6851301,0.1552108,0.05995538
231,0.09971306,0.68513,0.1552037,0.05995322
232,0.09972232,0.6851302,0.1551965,0.05995104
233,0.09973156,0.6851302,0.1551893,0.0599489
234,0.0997408,0.6851302,0.1551822,0.05994678
235,0.09975006,0.6851302,0.1551751,0.05994471
236,0.0997593,0.6851299,0.1551682,0.05994267
237,0.09976853,0.6851295,0.1551613,0.05994067
238,0.09977774,0.685129,0.1551545,0.05993867
239,0.09978695,0.6851286,0.1551478,0.05993672
240,0.09979614,0.685128,0.1551411,0.05993478
241,0.09980532,0.6851273,0.1551345,0.05993287
242,0.09981435,0.6851268,0.1551279,0.0599309
243,0.09982328,0.6851265,0.1551212,0.05992895
244,0.09983217,0.6851261,0.1551146,0.05992706
245,0.09984101,0.6851256,0.1551083,0.05992522
246,0.09984981,0.6851247,0.155102,0.05992343
247,0.09985857,0.6851237,0.155096,0.05992173
248,0.09986728,0.6851224,0.1550902,0.05992009
249,0.09987596,0.6851209,0.1550847,0.0599185
250,0.09988461,0.6851192,0.1550793,0.05991699
251,0.09989319,0.6851173,0.155074,0.05991552
252,0.09990174,0.6851151,0.155069,0.0599141
253,0.09991027,0.6851128,0.1550642,0.05991275
254,0.09991916,0.6851114,0.1550584,0.05991106
255,0.0999285,0.6851103,0.155052,0.05990921
256,0.09993836,0.6851091,0.1550452,0.05990728
257,0.09994868,0.6851079,0.1550382,0.05990529
258,0.0999594,0.6851064,0.155031,0.05990327
259,0.09997047,0.6851047,0.1550236,0.05990123
260,0.09998181,0.6851029,0.1550162,0.05989917
261,0.09999333,0.6851009,0.1550087,0.05989707
262,0.100005,0.685099,0.1550011,0.05989496
263,0.1000167,0.6850971,0.1549933,0.05989281
264,0.1000286,0.6850953,0.1549855,0.05989065
265,0.1000404,0.6850934,0.1549777,0.05988853
266,0.1000526,0.6850904,0.1549704,0.05988667
267,0.1000649,0.6850863,0.1549637,0.059885
268,0.1000773,0.6850816,0.1549576,0.05988346
269,0.1000898,0.6850762,0.1549519,0.05988204
270,0.1001021,0.6850706,0.1549467,0.05988074
271,0.1001144,0.6850643,0.1549418,0.05987953
272,0.1001265,0.6850576,0.1549374,0.05987843
273,0.1001386,0.6850506,0.1549333,0.05987746
274,0.1001506,0.6850432,0.1549296,0.05987657
275,0.1001625,0.6850355,0.1549263,0.0598758
276,0.1001743,0.6850275,0.1549232,0.0598751
277,0.100186,0.685019,0.1549204,0.05987453
278,0.100198,0.6850087,0.1549188,0.05987443
279,0.1002102,0.6849973,0.1549179,0.05987458
280,0.1002224,0.6849852,0.1549176,0.05987484
281,0.1002345,0.6849726,0.1549177,0.05987518
282,0.1002465,0.68496,0.1549179,0.05987553
283,0.1002584,0.6849473,0.1549183,0.05987592
284,0.1002702,0.6849347,0.1549188,0.05987633
285,0.1002819,0.684922,0.1549194,0.05987675
286,0.1002935,0.6849093,0.15492,0.05987718
287,0.1003051,0.6848968,0.1549206,0.05987766
288,0.1003166,0.6848839,0.1549214,0.05987813
289,0.100328,0.6848713,0.1549222,0.05987859
290,0.1003395,0.6848615,0.1549207,0.0598782
291,0.1003513,0.6848536,0.1549178,0.05987738
292,0.1003635,0.6848464,0.1549138,0.05987635
293,0.1003761,0.6848394,0.1549093,0.05987523
294,0.1003891,0.6848321,0.1549046,0.0598741
295,0.1004024,0.6848246,0.1549001,0.05987301
296,0.1004158,0.6848164,0.1548957,0.05987199
297,0.1004295,0.6848078,0.1548917,0.05987106
298,0.1004431,0.6847987,0.154888,0.05987023
299,0.1004568,0.6847891,0.1548846,0.05986948
300,0.1004703,0.6847792,0.1548816,0.05986884
301,0.1004839,0.684769,0.1548789,0.05986825
302,0.1004962,0.6847567,0.1548787,0.05986841
303,0.1005071,0.6847436,0.1548802,0.05986907
304,0.1005168,0.6847302,0.1548831,0.05987004
305,0.1005251,0.6847171,0.1548866,0.05987119
306,0.1005324,0.6847045,0.1548906,0.05987243
307,0.1005387,0.6846929,0.1548948,0.05987373
308,0.1005442,0.6846819,0.1548989,0.05987502
309,0.1005489,0.6846719,0.1549029,0.0598763
310,0.1005531,0.6846626,0.1549068,0.05987754
311,0.1005567,0.6846541,0.1549105,0.05987873
312,0.1005599,0.6846462,0.154914,0.05987988
313,0.1005627,0.684639,0.1549174,0.05988104
314,0.1005655,0.6846315,0.1549208,0.05988229
315,0.1005684,0.6846238,0.1549242,0.05988357
316,0.1005712,0.6846161,0.1549278,0.05988486
317,0.1005739,0.6846085,0.1549314,0.05988617
318,0.1005764,0.684601,0.1549351,0.05988746
319,0.1005786,0.6845939,0.1549388,0.05988876
320,0.1005806,0.6845868,0.1549425,0.05989005
321,0.1005822,0.6845801,0.1549463,0.05989134
322,0.1005836,0.6845738,0.1549501,0.05989263
323,0.1005845,0.6845677,0.1549539,0.0598939
324,0.100585,0.6845622,0.1549577,0.05989517
325,0.100585,0.684557,0.1549614,0.05989647
326,0.1005852,0.684551,0.1549657,0.05989808
327,0.1005854,0.6845444,0.1549704,0.05989979
328,0.1005853,0.6845378,0.1549753,0.05990153
329,0.100585,0.6845315,0.1549804,0.05990327
330,0.1005843,0.6845253,0.1549855,0.05990498
331,0.1005833,0.6845195,0.1549906,0.05990667
332,0.100582,0.684514,0.1549956,0.05990835
333,0.1005804,0.684509,0.1550006,0.05990998
334,0.1005786,0.6845042,0.1550056,0.05991161
335,0.1005764,0.6844998,0.1550105,0.05991322
336,0.1005741,0.6844957,0.1550154,0.0599148
337,0.1005715,0.6844919,0.1550203,0.05991638
338,0.1005688,0.6844876,0.1550255,0.05991812
339,0.1005659,0.6844833,0.1550308,0.05991989
340,0.1005628,0.6844794,0.1550362,0.05992163
341,0.1005595,0.6844759,0.1550414,0.05992332
342,0.100556,0.6844726,0.1550464,0.05992494
343,0.1005524,0.6844698,0.1550514,0.05992652
344,0.1005486,0.6844671,0.1550562,0.05992806
345,0.1005448,0.6844646,0.155061,0.05992954
346,0.100541,0.6844624,0.1550656,0.05993102
347,0.1005372,0.6844602,0.1550703,0.05993248
348,0.1005333,0.6844578,0.1550749,0.05993394
349,0.1005295,0.6844556,0.1550795,0.05993533
350,0.1005251,0.6844548,0.1550836,0.05993638
351,0.1005204,0.684455,0.1550872,0.0599373
352,0.1005154,0.684456,0.1550906,0.05993817
353,0.1005101,0.6844572,0.1550937,0.05993899
354,0.1005048,0.6844587,0.1550967,0.05993981
355,0.1004993,0.6844605,0.1550997,0.05994062
356,0.1004936,0.6844624,0.1551026,0.05994141
357,0.1004879,0.6844643,0.1551055,0.05994221
358,0.1004821,0.6844665,0.1551084,0.059943
359,0.1004762,0.6844687,0.1551113,0.05994379
360,0.1004703,0.684471,0.1551141,0.05994457
361,0.1004643,0.6844733,0.155117,0.05994532
362,0.1004579,0.6844767,0.1551196,0.05994583
363,0.1004512,0.6844805,0.155122,0.0599463
364,0.1004443,0.6844845,0.1551244,0.0599468
365,0.1004374,0.6844884,0.1551269,0.05994734
366,0.1004305,0.6844921,0.1551295,0.05994796
367,0.1004236,0.6844955,0.1551323,0.05994862
368,0.1004167,0.6844987,0.1551353,0.05994935
369,0.1004097,0.6845017,0.1551384,0.05995013
370,0.1004028,0.6845046,0.1551416,0.05995095
371,0.1003959,0.6845074,0.155145,0.05995181
372,0.1003889,0.6845099,0.1551485,0.0599527
373,0.100382,0.6845124,0.155152,0.05995364
374,0.1003756,0.6845142,0.1551555,0.05995466
375,0.1003696,0.6845155,0.1551592,0.05995574
376,0.1003639,0.6845163,0.1551629,0.05995684
377,0.1003586,0.6845165,0.1551668,0.05995799
378,0.1003536,0.6845164,0.1551708,0.05995917
379,0.1003489,0.6845157,0.155175,0.05996038
380,0.1003444,0.6845148,0.1551793,0.05996162
381,0.1003401,0.6845134,0.1551836,0.05996288
382,0.1003361,0.6845118,0.155188,0.05996415
383,0.1003323,0.6845099,0.1551924,0.05996543
384,0.1003288,0.6845077,0.1551968,0.05996671
385,0.1003255,0.6845053,0.1552012,0.05996804
386,0.1003232,0.6845015,0.1552058,0.05996955
387,0.1003217,0.6844966,0.1552106,0.05997111
388,0.1003209,0.684491,0.1552155,0.05997267
389,0.1003206,0.6844849,0.1552203,0.0599742
390,0.1003207,0.6844783,0.1552252,0.05997571
391,0.1003213,0.6844715,0.15523,0.0599772
392,0.1003222,0.6844643,0.1552348,0.05997869
393,0.1003234,0.6844569,0.1552394,0.05998015
394,0.1003249,0.6844493,0.1552441,0.05998161
395,0.1003266,0.6844415,0.1552488,0.05998308
396,0.1003286,0.6844333,0.1552535,0.05998453
