EwEVersion,"6.6.5.17207 (compiled 12/14/2020)"
Date,"2/3/2022 11:21:39 AM"
ModelName,"NWACS AM 7ages"
EcosimScenario,"sim3.5_ts1_fit28v_i7_PreySwitch1 vulcap"
TimeSeries,"copyUpdated NWACS MICE 5 v2-1-6-Time series grid"
StartYear,1985

Data,"Prey of menhaden 6+"

timestep\group,zooplankton,phytoplankton,Detritus,
1,0.6599979,0.1770003,0.1630018
2,0.658514,0.1777746,0.1637114
3,0.6572158,0.1784518,0.1643324
4,0.6560946,0.1790373,0.1648682
5,0.6551369,0.179538,0.1653251
6,0.6543313,0.17996,0.1657087
7,0.6536672,0.1803086,0.1660242
8,0.6531351,0.1805886,0.1662763
9,0.6527261,0.1808044,0.1664695
10,0.6524323,0.1809601,0.1666077
11,0.6522456,0.1810596,0.1666947
12,0.6521593,0.1811066,0.166734
13,0.6521655,0.1811045,0.16673
14,0.6506832,0.1818755,0.1674414
15,0.6491369,0.1826801,0.168183
16,0.6475325,0.1835157,0.1689518
17,0.6458743,0.1843797,0.169746
18,0.6441658,0.1852703,0.1705639
19,0.64241,0.1861858,0.1714043
20,0.640609,0.187125,0.172266
21,0.6387652,0.1880867,0.173148
22,0.6368807,0.1890698,0.1740495
23,0.6349575,0.1900731,0.1749693
24,0.6329978,0.1910957,0.1759065
25,0.631004,0.1921362,0.1768597
26,0.6295287,0.1929078,0.1775636
27,0.6282639,0.1935695,0.1781666
28,0.6271952,0.1941289,0.1786759
29,0.6263093,0.1945928,0.1790978
30,0.6255943,0.1949673,0.1794383
31,0.6250392,0.1952583,0.1797025
32,0.6246338,0.1954709,0.1798954
33,0.6243684,0.1956103,0.1800214
34,0.6242343,0.195681,0.1800847
35,0.6242234,0.1956873,0.1800893
36,0.6243277,0.1956334,0.1800389
37,0.6245403,0.1955232,0.1799365
38,0.6248052,0.1953861,0.1798086
39,0.6249868,0.1952919,0.1797213
40,0.6250879,0.1952391,0.179673
41,0.6251116,0.1952262,0.1796621
42,0.6250618,0.1952515,0.1796867
43,0.6249417,0.1953133,0.179745
44,0.624755,0.1954097,0.1798352
45,0.6245055,0.195539,0.1799555
46,0.6241966,0.1956992,0.1801042
47,0.6238317,0.1958888,0.1802796
48,0.6234141,0.1961058,0.1804801
49,0.6229473,0.1963488,0.1807039
50,0.6229085,0.1963693,0.1807222
51,0.6227897,0.1964316,0.1807787
52,0.6225954,0.1965334,0.1808713
53,0.62233,0.1966722,0.1809978
54,0.6219981,0.1968458,0.1811561
55,0.6216037,0.1970519,0.1813443
56,0.6211512,0.1972884,0.1815603
57,0.6206443,0.1975533,0.1818024
58,0.6200865,0.1978446,0.182069
59,0.619481,0.1981606,0.1823584
60,0.6188307,0.1984999,0.1826694
61,0.618138,0.1988608,0.1830011
62,0.6176434,0.1991184,0.1832382
63,0.6172994,0.1992979,0.1834027
64,0.617097,0.1994041,0.1834989
65,0.6170279,0.1994413,0.1835309
66,0.6170843,0.1994134,0.1835023
67,0.6172589,0.1993241,0.1834169
68,0.617545,0.199177,0.183278
69,0.6179354,0.1989757,0.1830889
70,0.6184238,0.1987235,0.1828527
71,0.6190034,0.1984239,0.1825728
72,0.6196675,0.1980803,0.1822522
73,0.6204094,0.1976962,0.1818944
74,0.6208312,0.1974786,0.1816902
75,0.6214641,0.1971513,0.1813846
76,0.6222598,0.1967394,0.1810008
77,0.623181,0.1962624,0.1805567
78,0.6241996,0.1957347,0.1800657
79,0.6252952,0.195167,0.1795378
80,0.6264533,0.1945668,0.1789799
81,0.6276645,0.1939389,0.1783966
82,0.6289233,0.1932863,0.1777904
83,0.6302274,0.1926101,0.1771625
84,0.6315773,0.1919101,0.1765126
85,0.6329739,0.1911853,0.1758408
86,0.6337592,0.1907781,0.1754627
87,0.6342575,0.1905206,0.1752219
88,0.6345235,0.1903844,0.1750922
89,0.6345907,0.1903517,0.1750575
90,0.6345006,0.1904012,0.1750982
91,0.6342887,0.1905141,0.1751972
92,0.6339863,0.1906741,0.1753397
93,0.6336203,0.1908671,0.1755126
94,0.6332139,0.1910811,0.175705
95,0.6327867,0.1913059,0.1759074
96,0.6323367,0.1915425,0.1761207
97,0.6318697,0.1917878,0.1763425
98,0.6308969,0.1922962,0.1768069
99,0.6298475,0.1928445,0.1773081
100,0.6287231,0.1934319,0.177845
101,0.6275234,0.1940586,0.1784181
102,0.6262454,0.1947259,0.1790287
103,0.6248852,0.195436,0.1796788
104,0.6234379,0.1961913,0.1803708
105,0.6218981,0.1969946,0.1811072
106,0.6202604,0.1978489,0.1818907
107,0.6185197,0.1987566,0.1827236
108,0.6166714,0.1997204,0.1836083
109,0.6147114,0.200742,0.1845466
110,0.6124257,0.2019331,0.1856412
111,0.6101134,0.203138,0.1867485
112,0.6077496,0.2043698,0.1878807
113,0.6053158,0.2056378,0.1890463
114,0.6027999,0.2069485,0.1902516
115,0.6001952,0.2083054,0.1914994
116,0.5975,0.2097091,0.1927909
117,0.5947162,0.2111589,0.1941249
118,0.5918483,0.2126523,0.1954995
119,0.5889023,0.2141862,0.1969115
120,0.5858852,0.215757,0.1983578
121,0.5828044,0.2173611,0.1998345
122,0.5799124,0.2188672,0.2012204
123,0.5771519,0.2203042,0.2025439
124,0.5745041,0.2216819,0.2038141
125,0.5719528,0.2230087,0.2050385
126,0.5694838,0.2242925,0.2062238
127,0.5670832,0.2255403,0.2073766
128,0.5647379,0.2267592,0.208503
129,0.5624352,0.2279557,0.2096091
130,0.5601635,0.229136,0.2107005
131,0.5579121,0.2303056,0.2117822
132,0.555672,0.2314693,0.2128587
133,0.5534356,0.2326307,0.2139337
134,0.551328,0.2337248,0.2149472
135,0.5493779,0.2347372,0.2158848
136,0.5475756,0.2356732,0.2167512
137,0.545913,0.2365367,0.2175502
138,0.5443833,0.2373314,0.2182853
139,0.5429806,0.2380603,0.2189591
140,0.5417004,0.2387255,0.219574
141,0.5405386,0.2393294,0.220132
142,0.5394918,0.2398736,0.2206346
143,0.5385577,0.2403593,0.221083
144,0.5377339,0.2407876,0.2214784
145,0.5370186,0.2411599,0.2218215
146,0.5364394,0.2414618,0.2220988
147,0.5359193,0.2417327,0.2223479
148,0.5354714,0.2419659,0.2225627
149,0.5351044,0.2421568,0.2227389
150,0.5348236,0.2423026,0.2228738
151,0.5346319,0.242402,0.2229661
152,0.53453,0.2424547,0.2230152
153,0.5345169,0.2424612,0.223022
154,0.5345904,0.2424226,0.2229871
155,0.5347469,0.2423408,0.2229123
156,0.5349827,0.2422179,0.2227995
157,0.5352931,0.2420564,0.2226505
158,0.5356485,0.2418719,0.2224796
159,0.5359577,0.2417113,0.222331
160,0.5362376,0.2415658,0.2221966
161,0.5365024,0.241428,0.2220696
162,0.5367643,0.2412917,0.221944
163,0.5370337,0.2411514,0.2218149
164,0.5373195,0.2410026,0.2216778
165,0.5376291,0.2408416,0.2215294
166,0.5379684,0.2406651,0.2213665
167,0.5383425,0.2404706,0.221187
168,0.5387552,0.240256,0.2209888
169,0.5392095,0.2400194,0.2207711
170,0.5395018,0.2398664,0.2206317
171,0.5397671,0.2397279,0.220505
172,0.5400269,0.2395925,0.2203805
173,0.5402974,0.2394519,0.2202506
174,0.5405902,0.2393,0.2201098
175,0.5409134,0.2391324,0.2199543
176,0.5412721,0.2389463,0.2197816
177,0.5416694,0.2387401,0.2195904
178,0.5421067,0.2385131,0.2193801
179,0.5425838,0.2382654,0.2191508
180,0.543099,0.2379978,0.2189033
181,0.5436501,0.237711,0.2186389
182,0.5441794,0.2374353,0.2183854
183,0.5448135,0.2371052,0.2180813
184,0.545548,0.2367231,0.2177289
185,0.5463801,0.2362903,0.2173295
186,0.5473056,0.235809,0.2168853
187,0.54832,0.2352813,0.2163987
188,0.5494174,0.2347102,0.2158723
189,0.5505922,0.2340987,0.2153091
190,0.5518385,0.2334498,0.2147117
191,0.5531498,0.2327669,0.2140833
192,0.5545203,0.2320529,0.2134267
193,0.5559444,0.2313112,0.2127445
194,0.5574949,0.2305038,0.2120014
195,0.5590705,0.2296827,0.2112467
196,0.5606513,0.2288585,0.2104902
197,0.5622219,0.2280392,0.2097388
198,0.5637703,0.2272312,0.2089984
199,0.5652875,0.2264393,0.2082732
200,0.5667669,0.2256668,0.2075662
201,0.5682036,0.2249166,0.2068798
202,0.5695943,0.2241901,0.2062155
203,0.5709372,0.2234886,0.2055742
204,0.5722311,0.2228126,0.2049564
205,0.5734761,0.2221618,0.2043621
206,0.574477,0.2216379,0.2038852
207,0.5752842,0.2212149,0.2035009
208,0.5759237,0.2208793,0.203197
209,0.576419,0.2206188,0.2029621
210,0.57679,0.2204232,0.2027868
211,0.5770532,0.2202837,0.2026632
212,0.5772221,0.2201933,0.2025846
213,0.5773078,0.2201462,0.202546
214,0.5773192,0.2201379,0.2025429
215,0.5772635,0.2201645,0.202572
216,0.5771468,0.2202229,0.2026303
217,0.5769737,0.2203107,0.2027156
218,0.5767853,0.2204065,0.2028082
219,0.5765563,0.2205233,0.2029204
220,0.5762846,0.2206624,0.203053
221,0.5759675,0.2208251,0.2032074
222,0.5756019,0.2210131,0.203385
223,0.5751852,0.2212277,0.203587
224,0.5747153,0.2214702,0.2038145
225,0.5741902,0.2217415,0.2040684
226,0.5736093,0.2220418,0.2043489
227,0.5729722,0.2223715,0.2046563
228,0.5722796,0.2227302,0.2049901
229,0.571533,0.2231173,0.2053497
230,0.5709096,0.2234406,0.2056498
231,0.5703874,0.2237112,0.2059014
232,0.5699456,0.2239402,0.2061143
233,0.569568,0.2241357,0.2062963
234,0.5692432,0.2243039,0.206453
235,0.5689626,0.2244491,0.2065883
236,0.5687207,0.2245742,0.206705
237,0.5685135,0.2246815,0.206805
238,0.5683388,0.2247719,0.2068893
239,0.568195,0.2248462,0.2069587
240,0.5680795,0.224906,0.2070145
241,0.5679926,0.224951,0.2070565
242,0.5680694,0.2249109,0.2070197
243,0.5681261,0.2248813,0.2069926
244,0.5681792,0.2248536,0.2069671
245,0.5682386,0.2248227,0.2069387
246,0.568314,0.2247835,0.2069025
247,0.5684125,0.2247323,0.2068552
248,0.5685387,0.2246668,0.2067945
249,0.5686952,0.2245855,0.2067193
250,0.5688831,0.2244879,0.2066289
251,0.5691019,0.2243744,0.2065237
252,0.5693501,0.2242455,0.2064043
253,0.5696259,0.2241024,0.2062718
254,0.5698916,0.2239643,0.2061441
255,0.5702586,0.2237735,0.2059679
256,0.5707174,0.2235347,0.2057478
257,0.5712603,0.2232521,0.2054875
258,0.5718809,0.2229292,0.20519
259,0.572573,0.2225688,0.2048581
260,0.573332,0.2221736,0.2044944
261,0.5741531,0.2217461,0.2041008
262,0.5750323,0.2212882,0.2036795
263,0.5759657,0.220802,0.2032323
264,0.5769498,0.2202893,0.2027608
265,0.5779814,0.2197518,0.2022669
266,0.5790187,0.219211,0.2017703
267,0.5800439,0.2186765,0.2012796
268,0.5810483,0.2181529,0.2007987
269,0.5820309,0.2176408,0.2003283
270,0.5829898,0.217141,0.1998692
271,0.583923,0.2166546,0.1994224
272,0.5848289,0.2161826,0.1989887
273,0.5857059,0.2157254,0.1985687
274,0.5865532,0.2152838,0.1981631
275,0.5873696,0.2148582,0.1977722
276,0.5881546,0.214449,0.1973965
277,0.5889075,0.2140563,0.1970363
278,0.5895056,0.2137438,0.1967506
279,0.5900378,0.2134658,0.1964965
280,0.5905132,0.2132173,0.1962694
281,0.5909393,0.2129947,0.1960659
282,0.5913219,0.2127948,0.1958833
283,0.5916656,0.212615,0.1957193
284,0.5919739,0.2124537,0.1955724
285,0.592249,0.2123096,0.1954414
286,0.5924931,0.2121817,0.1953253
287,0.592707,0.2120693,0.1952237
288,0.5928921,0.211972,0.195136
289,0.5930491,0.2118892,0.1950616
290,0.5931059,0.2118587,0.1950354
291,0.5929835,0.211921,0.1950955
292,0.5926971,0.2120682,0.1952347
293,0.592253,0.2122972,0.1954497
294,0.5916597,0.2126038,0.1957366
295,0.5909266,0.2129828,0.1960905
296,0.5900622,0.2134303,0.1965075
297,0.5890742,0.213942,0.1969838
298,0.5879694,0.2145145,0.1975161
299,0.5867543,0.2151445,0.1981013
300,0.5854348,0.2158287,0.1987365
301,0.5840167,0.2165645,0.1994188
302,0.5826307,0.2172841,0.2000853
303,0.5812349,0.2180091,0.200756
304,0.5798217,0.2187435,0.2014348
305,0.5783862,0.2194897,0.2021241
306,0.576926,0.2202489,0.2028252
307,0.5754402,0.2210214,0.2035383
308,0.5739295,0.221807,0.2042634
309,0.5723956,0.2226047,0.2049997
310,0.5708406,0.2234133,0.205746
311,0.5692672,0.2242316,0.2065012
312,0.5676782,0.2250581,0.2072638
313,0.5660764,0.225891,0.2080325
314,0.5644722,0.2267252,0.2088027
315,0.5629315,0.2275264,0.2095422
316,0.561448,0.228298,0.210254
317,0.5600158,0.2290432,0.210941
318,0.5586311,0.2297638,0.2116051
319,0.5572909,0.2304615,0.2122476
320,0.5559922,0.2311376,0.2128701
321,0.5547327,0.2317936,0.2134737
322,0.5535103,0.2324304,0.2140594
323,0.552323,0.2330489,0.2146281
324,0.5511692,0.2336502,0.2151806
325,0.5500473,0.2342347,0.215718
326,0.5490208,0.2347694,0.2162098
327,0.5481412,0.2352279,0.216631
328,0.5473851,0.2356223,0.2169925
329,0.5467381,0.2359602,0.2173017
330,0.5461888,0.2362474,0.2175638
331,0.5457283,0.2364885,0.2177832
332,0.5453496,0.236687,0.2179633
333,0.545047,0.2368461,0.2181069
334,0.544816,0.2369679,0.2182161
335,0.5446523,0.2370546,0.218293
336,0.5445529,0.2371079,0.2183392
337,0.5445148,0.2371292,0.2183559
338,0.5442481,0.2372692,0.2184827
339,0.5439,0.2374514,0.2186486
340,0.5434856,0.2376681,0.2188463
341,0.5430176,0.2379126,0.2190698
342,0.5425058,0.2381798,0.2193144
343,0.5419585,0.2384653,0.2195762
344,0.5413821,0.2387658,0.2198521
345,0.540782,0.2390786,0.2201394
346,0.5401623,0.2394014,0.2204363
347,0.539526,0.2397328,0.2207412
348,0.5388759,0.2400712,0.2210529
349,0.538214,0.2404159,0.2213701
350,0.5374748,0.2408011,0.2217242
351,0.5366395,0.241236,0.2221246
352,0.5357214,0.2417136,0.222565
353,0.5347314,0.2422284,0.2230402
354,0.5336788,0.2427756,0.2235456
355,0.5325636,0.2433551,0.2240812
356,0.5313919,0.2439639,0.2246442
357,0.5301692,0.2445991,0.2252317
358,0.5289,0.2452584,0.2258416
359,0.5275878,0.2459399,0.2264723
360,0.5262353,0.2466422,0.2271224
361,0.5248448,0.2473646,0.2277907
362,0.5235252,0.2480501,0.2284247
363,0.5222417,0.248717,0.2290414
364,0.5209869,0.2493687,0.2296444
365,0.5197532,0.2500094,0.2302374
366,0.5185333,0.250643,0.2308237
367,0.5173207,0.2512728,0.2314066
368,0.5161096,0.2519017,0.2319886
369,0.5148954,0.2525324,0.2325721
370,0.5136743,0.2531668,0.2331589
371,0.5124427,0.2538067,0.2337507
372,0.5111983,0.2544532,0.2343485
373,0.5099387,0.2551076,0.2349536
374,0.5088072,0.2556954,0.2354974
375,0.5077732,0.2562324,0.2359943
376,0.5068147,0.2567306,0.2364547
377,0.505917,0.2571973,0.2368857
378,0.5050688,0.2576384,0.2372928
379,0.5042612,0.2580585,0.2376803
380,0.5034872,0.2584614,0.2380514
381,0.5027419,0.2588496,0.2384086
382,0.5020213,0.2592249,0.2387538
383,0.5013227,0.259589,0.2390883
384,0.5006443,0.2599426,0.2394131
385,0.4999848,0.2602863,0.2397289
386,0.4993113,0.2606371,0.2400516
387,0.4986703,0.260971,0.2403586
388,0.498066,0.2612862,0.2406478
389,0.4975018,0.2615807,0.2409176
390,0.496981,0.2618527,0.2411664
391,0.4965061,0.262101,0.241393
392,0.496079,0.2623244,0.2415965
393,0.4957015,0.2625222,0.2417764
394,0.4953745,0.2626937,0.2419317
395,0.4950988,0.2628387,0.2420624
396,0.494875,0.2629567,0.2421683
