EwEVersion,"6.6.5.17207 (compiled 12/14/2020)"
Date,"2/3/2022 11:21:39 AM"
ModelName,"NWACS AM 7ages"
EcosimScenario,"sim3.5_ts1_fit28v_i7_PreySwitch1 vulcap"
TimeSeries,"copyUpdated NWACS MICE 5 v2-1-6-Time series grid"
StartYear,1985

Data,"Prey of menhaden 2"

timestep\group,zooplankton,phytoplankton,Detritus,
1,0.5400097,0.2389939,0.2209964
2,0.5399989,0.2390028,0.2209982
3,0.5399818,0.2390143,0.221004
4,0.5399566,0.2390303,0.221013
5,0.5399252,0.2390502,0.2210245
6,0.5398896,0.2390727,0.2210377
7,0.539852,0.2390964,0.2210516
8,0.5398146,0.2391201,0.2210654
9,0.5397791,0.2391425,0.2210784
10,0.5397469,0.2391629,0.2210901
11,0.5397193,0.2391806,0.2211001
12,0.5396971,0.2391949,0.221108
13,0.53968,0.2392052,0.2211148
14,0.5396497,0.2392207,0.2211295
15,0.5396119,0.2392408,0.2211473
16,0.5395694,0.2392641,0.2211665
17,0.539524,0.2392896,0.2211865
18,0.5394766,0.2393166,0.2212068
19,0.5394277,0.2393448,0.2212276
20,0.5393772,0.2393741,0.2212488
21,0.5393249,0.2394046,0.2212705
22,0.5392711,0.2394361,0.2212928
23,0.5392159,0.2394685,0.2213157
24,0.5391595,0.2395017,0.2213389
25,0.5391027,0.2395356,0.2213618
26,0.5390524,0.2395667,0.2213809
27,0.539008,0.2395945,0.2213975
28,0.5389692,0.239619,0.2214118
29,0.5389361,0.2396399,0.2214239
30,0.5389087,0.2396574,0.221434
31,0.5388868,0.2396714,0.2214418
32,0.5388703,0.2396821,0.2214477
33,0.5388588,0.2396896,0.2214515
34,0.5388521,0.2396943,0.2214536
35,0.5388498,0.2396963,0.2214539
36,0.5388513,0.2396959,0.2214528
37,0.5388566,0.2396937,0.2214497
38,0.538871,0.2396871,0.2214419
39,0.538891,0.2396771,0.221432
40,0.5389141,0.2396648,0.2214211
41,0.5389389,0.2396512,0.2214098
42,0.5389643,0.2396373,0.2213984
43,0.5389894,0.2396234,0.2213872
44,0.5390138,0.2396099,0.2213763
45,0.539037,0.2395972,0.2213658
46,0.5390589,0.2395853,0.2213558
47,0.5390791,0.2395744,0.2213465
48,0.5390974,0.2395647,0.2213378
49,0.5391139,0.2395563,0.2213298
50,0.539129,0.2395489,0.2213221
51,0.5391418,0.2395429,0.2213153
52,0.5391522,0.2395383,0.2213095
53,0.5391603,0.239535,0.2213047
54,0.5391666,0.2395329,0.2213005
55,0.5391716,0.2395315,0.2212968
56,0.5391759,0.2395306,0.2212934
57,0.5391802,0.2395298,0.22129
58,0.5391849,0.2395287,0.2212864
59,0.5391904,0.2395272,0.2212825
60,0.5391967,0.239525,0.2212783
61,0.5392038,0.2395221,0.221274
62,0.5392051,0.2395218,0.2212731
63,0.5392025,0.2395238,0.2212737
64,0.5391974,0.2395275,0.221275
65,0.5391907,0.2395325,0.2212768
66,0.5391828,0.2395384,0.2212789
67,0.5391739,0.2395449,0.2212812
68,0.5391644,0.2395518,0.2212838
69,0.5391541,0.2395593,0.2212865
70,0.5391434,0.2395672,0.2212895
71,0.5391321,0.2395753,0.2212926
72,0.5391204,0.2395837,0.2212958
73,0.5391083,0.2395923,0.2212994
74,0.5390933,0.2396023,0.2213044
75,0.5390766,0.2396134,0.2213101
76,0.5390589,0.2396251,0.2213159
77,0.539041,0.2396372,0.2213219
78,0.5390227,0.2396495,0.2213278
79,0.5390044,0.2396619,0.2213337
80,0.5389858,0.2396744,0.2213397
81,0.5389671,0.2396871,0.2213458
82,0.5389481,0.2397,0.221352
83,0.5389287,0.239713,0.2213583
84,0.5389094,0.239726,0.2213646
85,0.5388895,0.2397389,0.2213717
86,0.5388623,0.2397548,0.2213828
87,0.5388316,0.239773,0.2213954
88,0.5387994,0.2397925,0.2214081
89,0.5387672,0.2398123,0.2214205
90,0.5387356,0.2398319,0.2214325
91,0.5387049,0.2398512,0.221444
92,0.5386752,0.2398698,0.221455
93,0.5386466,0.2398879,0.2214655
94,0.538619,0.2399054,0.2214757
95,0.5385923,0.2399223,0.2214854
96,0.5385665,0.2399388,0.2214947
97,0.5385415,0.2399546,0.2215039
98,0.5385146,0.2399711,0.2215143
99,0.5384878,0.2399877,0.2215246
100,0.538462,0.2400039,0.2215342
101,0.5384378,0.2400192,0.2215429
102,0.5384157,0.2400334,0.2215509
103,0.5383955,0.2400465,0.2215579
104,0.5383772,0.2400586,0.2215642
105,0.5383605,0.2400696,0.2215698
106,0.5383454,0.2400798,0.2215748
107,0.5383317,0.2400891,0.2215792
108,0.5383193,0.2400977,0.221583
109,0.5383082,0.2401054,0.2215864
110,0.5382968,0.2401131,0.2215901
111,0.5382862,0.2401204,0.2215934
112,0.5382771,0.240127,0.2215959
113,0.5382699,0.2401325,0.2215976
114,0.5382646,0.2401369,0.2215985
115,0.5382612,0.2401403,0.2215986
116,0.5382594,0.2401425,0.221598
117,0.5382591,0.240144,0.2215968
118,0.5382602,0.2401446,0.2215952
119,0.5382623,0.2401446,0.2215931
120,0.5382654,0.2401441,0.2215905
121,0.5382695,0.2401432,0.2215873
122,0.5382838,0.2401373,0.2215789
123,0.5383046,0.2401272,0.2215682
124,0.5383297,0.2401143,0.221556
125,0.5383573,0.2400995,0.2215432
126,0.5383867,0.2400834,0.2215299
127,0.5384173,0.2400665,0.2215163
128,0.5384487,0.2400489,0.2215024
129,0.5384808,0.2400308,0.2214883
130,0.5385134,0.2400125,0.2214741
131,0.5385464,0.2399938,0.2214598
132,0.5385795,0.2399751,0.2214454
133,0.5386125,0.2399561,0.2214314
134,0.5386401,0.2399397,0.2214203
135,0.5386636,0.2399256,0.2214108
136,0.5386842,0.2399135,0.2214023
137,0.5387024,0.2399029,0.2213946
138,0.5387186,0.2398937,0.2213877
139,0.5387328,0.2398857,0.2213814
140,0.5387454,0.2398788,0.2213759
141,0.5387563,0.2398728,0.2213708
142,0.5387658,0.2398678,0.2213665
143,0.5387739,0.2398635,0.2213626
144,0.5387807,0.23986,0.2213593
145,0.5387865,0.2398573,0.2213561
146,0.5387953,0.2398535,0.2213513
147,0.5388057,0.2398486,0.2213458
148,0.538817,0.2398429,0.2213401
149,0.5388288,0.2398368,0.2213344
150,0.5388407,0.2398306,0.2213288
151,0.5388525,0.2398242,0.2213234
152,0.5388638,0.2398179,0.2213182
153,0.5388747,0.239812,0.2213133
154,0.5388849,0.2398063,0.2213088
155,0.5388943,0.239801,0.2213047
156,0.5389028,0.2397963,0.2213009
157,0.5389105,0.2397922,0.2212973
158,0.5389206,0.2397873,0.2212922
159,0.5389314,0.2397818,0.2212867
160,0.5389422,0.2397763,0.2212815
161,0.5389522,0.2397709,0.2212768
162,0.5389612,0.2397661,0.2212727
163,0.5389689,0.2397619,0.2212692
164,0.5389752,0.2397585,0.2212662
165,0.5389804,0.2397557,0.2212639
166,0.5389842,0.2397537,0.2212621
167,0.5389869,0.2397523,0.2212608
168,0.5389884,0.2397515,0.22126
169,0.5389887,0.239751,0.2212602
170,0.5389825,0.2397534,0.2212642
171,0.5389719,0.2397582,0.2212699
172,0.5389584,0.2397649,0.2212766
173,0.5389433,0.2397729,0.2212838
174,0.538927,0.2397816,0.2212913
175,0.5389103,0.2397907,0.2212989
176,0.5388935,0.2397999,0.2213066
177,0.5388768,0.239809,0.2213141
178,0.5388607,0.2398178,0.2213216
179,0.5388452,0.2398262,0.2213286
180,0.5388306,0.239834,0.2213354
181,0.5388169,0.239841,0.2213421
182,0.5387993,0.2398496,0.2213512
183,0.5387801,0.2398592,0.2213607
184,0.5387612,0.239869,0.2213699
185,0.5387437,0.239878,0.2213783
186,0.5387281,0.2398861,0.2213859
187,0.5387151,0.2398927,0.2213923
188,0.5387047,0.2398977,0.2213977
189,0.5386971,0.2399011,0.2214019
190,0.5386921,0.2399029,0.221405
191,0.5386899,0.239903,0.2214071
192,0.5386903,0.2399016,0.2214081
193,0.5386935,0.2398988,0.2214077
194,0.5387042,0.2398922,0.2214036
195,0.5387204,0.2398821,0.2213974
196,0.5387408,0.2398695,0.2213898
197,0.5387644,0.2398547,0.2213809
198,0.5387903,0.2398384,0.2213712
199,0.5388182,0.2398209,0.2213608
200,0.5388477,0.2398025,0.2213498
201,0.5388784,0.2397834,0.2213383
202,0.53891,0.2397637,0.2213264
203,0.5389423,0.2397436,0.2213141
204,0.5389749,0.2397234,0.2213017
205,0.5390078,0.2397029,0.2212894
206,0.5390383,0.2396834,0.2212783
207,0.5390674,0.2396649,0.2212677
208,0.5390957,0.239647,0.2212574
209,0.5391232,0.2396296,0.2212472
210,0.5391504,0.2396126,0.2212371
211,0.539177,0.2395959,0.2212271
212,0.5392032,0.2395795,0.2212173
213,0.539229,0.2395634,0.2212076
214,0.5392542,0.2395477,0.2211981
215,0.5392789,0.2395323,0.2211888
216,0.5393029,0.2395173,0.2211797
217,0.5393263,0.2395028,0.2211709
218,0.5393501,0.239488,0.2211619
219,0.5393738,0.2394733,0.2211529
220,0.539397,0.2394588,0.2211442
221,0.5394195,0.2394448,0.2211358
222,0.5394409,0.2394313,0.2211277
223,0.5394612,0.2394186,0.2211202
224,0.5394799,0.2394067,0.2211133
225,0.5394972,0.2393958,0.221107
226,0.5395128,0.2393859,0.2211013
227,0.5395265,0.2393771,0.2210964
228,0.5395384,0.2393694,0.2210923
229,0.5395486,0.2393628,0.2210886
230,0.5395586,0.2393566,0.2210847
231,0.5395681,0.2393508,0.2210811
232,0.5395763,0.2393456,0.2210781
233,0.5395832,0.2393412,0.2210755
234,0.5395887,0.2393376,0.2210737
235,0.5395929,0.2393347,0.2210724
236,0.5395957,0.2393326,0.2210717
237,0.5395971,0.2393313,0.2210715
238,0.5395974,0.2393307,0.2210719
239,0.5395965,0.2393308,0.2210728
240,0.5395945,0.2393314,0.221074
241,0.5395916,0.2393327,0.2210757
242,0.5395882,0.2393344,0.2210775
243,0.539584,0.2393364,0.2210796
244,0.5395789,0.239339,0.2210821
245,0.5395728,0.2393421,0.2210851
246,0.5395656,0.2393458,0.2210885
247,0.5395578,0.23935,0.2210923
248,0.5395491,0.2393545,0.2210964
249,0.5395398,0.2393595,0.2211008
250,0.5395299,0.2393648,0.2211053
251,0.5395198,0.2393702,0.22111
252,0.5395093,0.2393759,0.2211148
253,0.5394987,0.2393816,0.2211197
254,0.5394897,0.2393865,0.2211239
255,0.5394818,0.2393905,0.2211277
256,0.5394746,0.2393941,0.2211314
257,0.5394682,0.2393971,0.2211347
258,0.5394625,0.2393997,0.2211378
259,0.5394579,0.2394016,0.2211405
260,0.5394541,0.239403,0.2211429
261,0.5394515,0.2394037,0.2211448
262,0.5394502,0.2394036,0.2211463
263,0.5394502,0.2394027,0.2211471
264,0.5394515,0.2394009,0.2211475
265,0.5394541,0.2393983,0.2211475
266,0.539456,0.2393959,0.2211481
267,0.5394575,0.2393936,0.2211489
268,0.539459,0.2393915,0.2211496
269,0.5394605,0.2393893,0.2211502
270,0.5394623,0.2393871,0.2211506
271,0.5394643,0.2393849,0.2211508
272,0.5394666,0.2393825,0.2211508
273,0.5394693,0.2393799,0.2211507
274,0.5394724,0.2393772,0.2211504
275,0.5394758,0.2393743,0.2211499
276,0.5394797,0.2393711,0.2211491
277,0.5394841,0.2393676,0.2211484
278,0.5394861,0.2393649,0.221149
279,0.5394874,0.2393628,0.2211498
280,0.5394885,0.2393609,0.2211505
281,0.5394902,0.2393589,0.2211509
282,0.5394925,0.2393565,0.2211509
283,0.5394956,0.2393538,0.2211506
284,0.5394996,0.2393505,0.2211498
285,0.5395043,0.239347,0.2211487
286,0.5395099,0.2393429,0.2211473
287,0.539516,0.2393385,0.2211456
288,0.5395228,0.2393337,0.2211435
289,0.53953,0.2393288,0.2211412
290,0.5395431,0.2393209,0.221136
291,0.5395599,0.2393106,0.2211295
292,0.539579,0.2392988,0.2211223
293,0.5395992,0.2392861,0.2211147
294,0.5396199,0.2392731,0.221107
295,0.5396407,0.23926,0.2210993
296,0.539661,0.2392471,0.2210919
297,0.5396807,0.2392347,0.2210847
298,0.5396996,0.2392226,0.2210777
299,0.5397176,0.2392113,0.2210712
300,0.5397344,0.2392005,0.221065
301,0.5397503,0.2391906,0.2210591
302,0.5397617,0.2391836,0.2210548
303,0.5397696,0.2391787,0.2210516
304,0.5397751,0.2391756,0.2210494
305,0.5397786,0.2391736,0.2210477
306,0.539781,0.2391725,0.2210466
307,0.5397822,0.239172,0.2210458
308,0.5397825,0.2391721,0.2210454
309,0.539782,0.2391727,0.2210453
310,0.5397807,0.2391737,0.2210456
311,0.5397785,0.2391752,0.2210463
312,0.5397754,0.2391773,0.2210473
313,0.5397711,0.2391799,0.221049
314,0.5397645,0.2391836,0.2210519
315,0.5397558,0.2391885,0.2210557
316,0.5397452,0.2391946,0.2210602
317,0.5397329,0.2392017,0.2210653
318,0.5397192,0.2392098,0.221071
319,0.539704,0.2392188,0.2210772
320,0.5396876,0.2392285,0.2210839
321,0.53967,0.239239,0.221091
322,0.5396516,0.23925,0.2210984
323,0.5396325,0.2392615,0.2211061
324,0.5396127,0.2392734,0.221114
325,0.5395923,0.2392854,0.2211223
326,0.5395694,0.2392984,0.2211321
327,0.5395452,0.2393125,0.2211424
328,0.5395202,0.2393269,0.2211529
329,0.5394951,0.2393416,0.2211633
330,0.53947,0.2393564,0.2211736
331,0.5394452,0.239371,0.2211838
332,0.5394209,0.2393854,0.2211937
333,0.5393971,0.2393995,0.2212034
334,0.5393739,0.2394133,0.2212128
335,0.5393515,0.2394267,0.2212219
336,0.5393297,0.2394396,0.2212307
337,0.539309,0.2394519,0.2212391
338,0.5392882,0.239464,0.2212478
339,0.5392682,0.2394757,0.2212561
340,0.5392494,0.2394868,0.2212638
341,0.5392323,0.2394969,0.2212707
342,0.5392169,0.2395061,0.221277
343,0.539203,0.2395144,0.2212826
344,0.5391907,0.2395217,0.2212876
345,0.5391799,0.2395282,0.2212919
346,0.5391705,0.2395338,0.2212957
347,0.5391624,0.2395387,0.2212989
348,0.5391554,0.2395429,0.2213017
349,0.5391499,0.2395465,0.2213037
350,0.5391479,0.2395485,0.2213037
351,0.5391484,0.239549,0.2213026
352,0.5391511,0.239548,0.2213008
353,0.5391555,0.2395461,0.2212984
354,0.5391613,0.2395432,0.2212954
355,0.5391685,0.2395395,0.221292
356,0.5391768,0.2395351,0.2212881
357,0.5391862,0.23953,0.2212838
358,0.5391967,0.2395243,0.2212791
359,0.5392079,0.2395181,0.221274
360,0.5392199,0.2395114,0.2212687
361,0.5392326,0.2395046,0.2212629
362,0.5392471,0.239497,0.2212559
363,0.5392625,0.2394889,0.2212486
364,0.539278,0.2394806,0.2212414
365,0.5392932,0.2394725,0.2212343
366,0.5393078,0.2394647,0.2212276
367,0.5393216,0.2394572,0.2212211
368,0.5393346,0.2394504,0.2212151
369,0.5393466,0.2394439,0.2212094
370,0.5393579,0.2394381,0.2212041
371,0.539368,0.2394328,0.2211991
372,0.5393772,0.2394281,0.2211947
373,0.5393853,0.239424,0.2211907
374,0.5393914,0.2394208,0.2211879
375,0.5393957,0.2394185,0.2211857
376,0.5393983,0.2394173,0.2211843
377,0.5393991,0.2394172,0.2211836
378,0.5393983,0.2394181,0.2211835
379,0.5393959,0.23942,0.2211841
380,0.5393918,0.2394229,0.2211853
381,0.5393862,0.2394267,0.2211871
382,0.5393793,0.2394313,0.2211894
383,0.5393711,0.2394367,0.2211923
384,0.5393618,0.2394426,0.2211956
385,0.5393512,0.2394492,0.2211996
386,0.5393379,0.2394569,0.2212051
387,0.5393228,0.2394657,0.2212114
388,0.5393064,0.2394754,0.2212182
389,0.5392889,0.2394858,0.2212253
390,0.5392706,0.2394966,0.2212327
391,0.5392517,0.239508,0.2212404
392,0.539232,0.2395197,0.2212484
393,0.5392116,0.2395317,0.2212566
394,0.5391909,0.2395441,0.221265
395,0.5391697,0.2395567,0.2212736
396,0.5391482,0.2395695,0.2212824
