    unsorted:	 83.54616736 83.54616736 83.54616736 83.54616736 83.54616736 33044.79498 32561.28122 33797.56984 31692.70291 30511.17204 28996.99192 29566.37791 35798.32221 36262.84615 26501.52714 24980.97899 40103.99491 40581.87200 41367.20710 42845.70424 21893.40384 17826.60638 18051.74370 14044.54092 12717.15882 11685.11288 68.05899368 34.02142107 1249.031140 1563.705453 389.5991717 2837.841216 7820.123069 5668.180475 49589.19446 55358.83776 63438.30774 75126.35048 80502.57963 100616.6766 121406.3679 130483.8742 142959.5245 163399.1072 270229.5657 379583.5407 511539.7457 4.994305240e+11
      sorted:	 34.02142107 68.05899368 83.54616736 83.54616736 83.54616736 83.54616736 83.54616736 389.5991717 1249.031140 1563.705453 2837.841216 5668.180475 7820.123069 11685.11288 12717.15882 14044.54092 17826.60638 18051.74370 21893.40384 24980.97899 26501.52714 28996.99192 29566.37791 30511.17204 31692.70291 32561.28122 33044.79498 33797.56984 35798.32221 36262.84615 40103.99491 40581.87200 41367.20710 42845.70424 49589.19446 55358.83776 63438.30774 75126.35048 80502.57963 100616.6766 121406.3679 130483.8742 142959.5245 163399.1072 270229.5657 379583.5407 511539.7457 4.994305240e+11
