EwEVersion,"6.6.5.17207 (compiled 12/14/2020)"
Date,"4/6/2022 12:49:56 PM"
ModelName,"NWACS AM 7ages base run"
EcosimScenario,precipitation_pp_amo_am
TimeSeries,"copyUpdated NWACS MICE 5 v2-1-6-Time series grid"
StartYear,1985

Data,"Prey of menhaden 4"

timestep\group,zooplankton,phytoplankton,Detritus,
1,0.6871068,0.1450916,0.1678016
2,0.6662012,0.1671879,0.1666108
3,0.6586855,0.173575,0.1677395
4,0.6869408,0.1380559,0.1750033
5,0.5743553,0.2659839,0.1596608
6,0.6111495,0.2294317,0.1594187
7,0.6316238,0.2123387,0.1560376
8,0.6217429,0.2310102,0.1472469
9,0.6757801,0.1754504,0.1487696
10,0.7068608,0.143142,0.1499972
11,0.6639165,0.1937257,0.1423578
12,0.7253715,0.125541,0.1490875
13,0.7132125,0.1396118,0.1471757
14,0.7166909,0.1352022,0.1481069
15,0.7243326,0.124999,0.1506684
16,0.7363994,0.1091592,0.1544415
17,0.7361684,0.1059283,0.1579034
18,0.6720941,0.17278,0.1551259
19,0.6302189,0.2174345,0.1523467
20,0.6415087,0.2069645,0.1515269
21,0.7026531,0.138465,0.158882
22,0.7042676,0.1366345,0.1590979
23,0.6393521,0.2102568,0.1503909
24,0.6396607,0.2134436,0.1468957
25,0.6639228,0.1897982,0.146279
26,0.7209781,0.125184,0.1538378
27,0.7114934,0.1356414,0.1528652
28,0.652446,0.2026288,0.1449252
29,0.7012089,0.1467663,0.1520248
30,0.7136925,0.1317875,0.1545199
31,0.7252246,0.1168139,0.1579616
32,0.7109079,0.1298798,0.1592123
33,0.6306439,0.2177249,0.1516312
34,0.6717732,0.1702488,0.1579781
35,0.6782547,0.1626487,0.1590965
36,0.6877146,0.1482099,0.1640754
37,0.6839293,0.1498131,0.1662576
38,0.6588868,0.1766952,0.164418
39,0.6659558,0.1671133,0.1669307
40,0.6683027,0.1627083,0.1689891
41,0.6363772,0.1987616,0.1648612
42,0.6809782,0.1459445,0.1730773
43,0.5943096,0.2471628,0.1585276
44,0.6501721,0.1862335,0.1635944
45,0.6762533,0.1571828,0.1665639
46,0.6834557,0.1488963,0.167648
47,0.6056035,0.2398923,0.1545042
48,0.6838088,0.1515488,0.1646424
49,0.7051625,0.1265998,0.1682377
50,0.685829,0.1470054,0.1671655
51,0.6454076,0.1920293,0.1625631
52,0.6351927,0.2043139,0.1604934
53,0.6088778,0.2390058,0.1521164
54,0.6386477,0.2108502,0.1505021
55,0.6616836,0.1882541,0.1500624
56,0.6782551,0.171491,0.150254
57,0.6881088,0.1611251,0.1507661
58,0.678363,0.1721194,0.1495176
59,0.6964876,0.150806,0.1527064
60,0.7307126,0.1100275,0.1592599
61,0.7008666,0.1418718,0.1572616
62,0.7014264,0.138472,0.1601016
63,0.7036396,0.1325591,0.1638013
64,0.6667318,0.171926,0.1613422
65,0.6192343,0.2263493,0.1544164
66,0.6800295,0.1571272,0.1628433
67,0.67039,0.1687315,0.1608786
68,0.640848,0.2043051,0.1548468
69,0.6915396,0.1466092,0.1618511
70,0.6492269,0.1961052,0.1546679
71,0.692742,0.146435,0.160823
72,0.669997,0.1728666,0.1571364
73,0.6863087,0.1546907,0.1590006
74,0.7124975,0.1232955,0.1642069
75,0.6576638,0.18501,0.1573262
76,0.6771948,0.1621476,0.1606577
77,0.6806402,0.1576892,0.1616706
78,0.6976886,0.1370051,0.1653064
79,0.6737216,0.1628678,0.1634105
80,0.6201974,0.2244702,0.1553323
81,0.6388378,0.206711,0.1544513
82,0.6817071,0.1597159,0.1585771
83,0.6861742,0.1559163,0.1579095
84,0.6813954,0.1620513,0.1565533
85,0.6966032,0.1444073,0.1589895
86,0.7055192,0.132907,0.1615737
87,0.6689911,0.1727934,0.1582154
88,0.6800639,0.1584081,0.1615281
89,0.6822256,0.154107,0.1636673
90,0.6366065,0.2053735,0.1580199
91,0.6408451,0.2021356,0.1570193
92,0.6344842,0.2128365,0.1526793
93,0.6649166,0.1814734,0.15361
94,0.7030738,0.1393398,0.1575864
95,0.6746353,0.1727066,0.1526581
96,0.6616622,0.1885852,0.1497526
97,0.6955022,0.1509297,0.1535681
98,0.702241,0.1433103,0.1544486
99,0.6493768,0.2036265,0.1469967
100,0.6715773,0.1801396,0.148283
101,0.7149897,0.1312316,0.1537788
102,0.7254918,0.1190415,0.1554668
103,0.7215564,0.1219404,0.1565033
104,0.7169761,0.1242107,0.1588131
105,0.656013,0.1897074,0.1542795
106,0.6643348,0.1782951,0.15737
107,0.658749,0.1843452,0.1569058
108,0.6409014,0.2046942,0.1544044
109,0.6512065,0.1959734,0.1528201
110,0.6803314,0.1648578,0.1548108
111,0.6478223,0.2047087,0.147469
112,0.6980811,0.1494167,0.1525022
113,0.7061685,0.1409408,0.1528906
114,0.7163733,0.1291648,0.1544619
115,0.6910732,0.1563175,0.1526093
116,0.6602077,0.1903747,0.1494176
117,0.6807288,0.1671135,0.1521577
118,0.7253388,0.1156214,0.1590399
119,0.6932299,0.1509125,0.1558576
120,0.6812759,0.1621137,0.1566105
121,0.6679885,0.1757966,0.156215
122,0.6870131,0.1518209,0.161166
123,0.6952611,0.1402729,0.1644661
124,0.6940403,0.1392006,0.1667591
125,0.6501,0.1864571,0.163443
126,0.6388513,0.1979136,0.1632351
127,0.6504605,0.1841753,0.1653642
128,0.6759421,0.1542962,0.1697617
129,0.6507523,0.1825597,0.1666879
130,0.5792687,0.2680604,0.152671
131,0.6349003,0.2117195,0.1533802
132,0.687125,0.1550632,0.1578117
133,0.6568041,0.19284,0.1503559
134,0.6957543,0.1504872,0.1537585
135,0.7033861,0.1424565,0.1541575
136,0.6736707,0.1763626,0.1499667
137,0.679759,0.1698368,0.1504042
138,0.6931535,0.1547633,0.1520833
139,0.6604565,0.1924511,0.1470924
140,0.693647,0.1556421,0.150711
141,0.6647276,0.1894789,0.1457936
142,0.6741835,0.1804796,0.1453369
143,0.7071261,0.1440901,0.1487838
144,0.6845094,0.1704481,0.1450425
145,0.7129766,0.1385088,0.1485145
146,0.7339,0.1143288,0.1517712
147,0.7075174,0.142668,0.1498145
148,0.699571,0.1495492,0.1508798
149,0.7108694,0.1344067,0.1547239
150,0.720094,0.1211798,0.1587262
151,0.6976489,0.1429161,0.1594349
152,0.6533436,0.1896054,0.157051
153,0.6862085,0.1491925,0.164599
154,0.6911908,0.1402673,0.1685419
155,0.6038799,0.238768,0.1573522
156,0.6505996,0.1864926,0.1629078
157,0.6231936,0.2211649,0.1556415
158,0.6439351,0.2018362,0.1542287
159,0.6545666,0.1934313,0.152002
160,0.6768835,0.170657,0.1524595
161,0.6778842,0.1715019,0.1506139
162,0.6622362,0.1913101,0.1464537
163,0.7073275,0.1410725,0.1516
164,0.7238235,0.1225588,0.1536177
165,0.7361563,0.1077327,0.156111
166,0.7144873,0.1299132,0.1555996
167,0.7277847,0.1112273,0.1609881
168,0.7237249,0.1110588,0.1652163
169,0.6042535,0.2415216,0.154225
170,0.6429251,0.1964145,0.1606604
171,0.6397284,0.2013477,0.1589238
172,0.6845713,0.1505032,0.1649255
173,0.6785636,0.1573964,0.16404
174,0.7101774,0.119446,0.1703766
175,0.681991,0.1487366,0.1692723
176,0.6481061,0.1837384,0.1681555
177,0.5471466,0.3028098,0.1500436
178,0.6407705,0.2043672,0.1548623
179,0.6866905,0.1548921,0.1584174
180,0.708258,0.1320918,0.1596502
181,0.6996259,0.1423105,0.1580636
182,0.7053998,0.1345334,0.1600668
183,0.6668963,0.1763985,0.1567053
184,0.643878,0.2020517,0.1540702
185,0.6651372,0.1784242,0.1564385
186,0.6494555,0.1978802,0.1526643
187,0.6559827,0.1929103,0.151107
188,0.6829823,0.1638526,0.153165
189,0.686509,0.1609791,0.1525118
190,0.7305031,0.1106591,0.1588378
191,0.7178316,0.1238187,0.1583497
192,0.6916313,0.1507487,0.15762
193,0.6967983,0.1413168,0.161885
194,0.6941171,0.1403351,0.1655477
195,0.5875575,0.2598608,0.1525817
196,0.6682488,0.1687437,0.1630075
197,0.6577529,0.1819845,0.1602627
198,0.6380347,0.2071055,0.1548598
199,0.6670617,0.1761502,0.1567882
200,0.675395,0.1680747,0.1565303
201,0.6918798,0.1498095,0.1583107
202,0.727192,0.1084733,0.1643347
203,0.7477101,0.08276492,0.1695249
204,0.7146977,0.1154412,0.1698611
205,0.6735724,0.1544569,0.1719707
206,0.6802801,0.1378426,0.1818773
207,0.5482434,0.2837737,0.167983
208,0.5759138,0.2533983,0.1706879
209,0.5875557,0.2477875,0.1646568
210,0.6261076,0.2108022,0.1630901
211,0.6661106,0.168834,0.1650554
212,0.6751642,0.160811,0.1640248
213,0.6500005,0.19148,0.1585196
214,0.641535,0.2037526,0.1547124
215,0.6450076,0.2032766,0.1517158
216,0.6634743,0.1854965,0.1510293
217,0.7023149,0.1429336,0.1547516
218,0.6832589,0.1656623,0.1510787
219,0.6825046,0.1672779,0.1502175
220,0.6891522,0.1601502,0.1506975
221,0.6759523,0.1756136,0.148434
222,0.6637929,0.1905802,0.145627
223,0.6906228,0.1615592,0.147818
224,0.6902339,0.1630244,0.1467417
225,0.6781977,0.1777033,0.144099
226,0.6942378,0.1604846,0.1452776
227,0.7157793,0.1364655,0.1477553
228,0.7043774,0.1491717,0.146451
229,0.7358837,0.1126706,0.1514458
230,0.7439392,0.101834,0.1542269
231,0.7350539,0.108622,0.1563241
232,0.6444079,0.2062405,0.1493516
233,0.6675907,0.1778796,0.1545296
234,0.6834523,0.158624,0.1579237
235,0.6638229,0.180644,0.1555331
236,0.6478726,0.1998349,0.1522925
237,0.6418005,0.2095168,0.1486827
238,0.698354,0.1464943,0.1551517
239,0.6960787,0.1500099,0.1539114
240,0.6963809,0.1497259,0.1538932
241,0.6879252,0.1587104,0.1533644
242,0.7101917,0.1320773,0.157731
243,0.6804393,0.1642205,0.1553402
244,0.668317,0.1767267,0.1549562
245,0.6762698,0.1668212,0.156909
246,0.699283,0.1393026,0.1614144
247,0.6738724,0.1668859,0.1592418
248,0.6777304,0.1609018,0.1613678
249,0.6985744,0.1346986,0.166727
250,0.5604628,0.2939408,0.1455964
251,0.6521952,0.1961231,0.1516817
252,0.6864402,0.1598032,0.1537567
253,0.6902919,0.1576151,0.1520929
254,0.7214271,0.122789,0.1557838
255,0.7559422,0.08277799,0.1612798
256,0.7185659,0.1227568,0.1586773
257,0.6467612,0.2000113,0.1532276
258,0.604678,0.2488882,0.1464338
259,0.6709064,0.1761053,0.1529883
260,0.6922204,0.1533244,0.1544552
261,0.6902446,0.1566876,0.1530678
262,0.6696176,0.1809551,0.1494273
263,0.6734545,0.1775302,0.1490152
264,0.7146593,0.1307002,0.1546405
265,0.714535,0.1303691,0.1550959
266,0.7273677,0.1141183,0.1585139
267,0.6823477,0.1623311,0.1553213
268,0.6386929,0.2101096,0.1511974
269,0.6874465,0.1536836,0.1588699
270,0.6903774,0.1494382,0.1601844
271,0.6806725,0.1593501,0.1599775
272,0.6945855,0.1414286,0.1639859
273,0.7075335,0.1235258,0.1689407
274,0.6566615,0.177968,0.1653705
275,0.662369,0.1674969,0.170134
276,0.6145137,0.2207201,0.1647663
277,0.6545764,0.1737916,0.1716321
278,0.5957158,0.2441935,0.1600909
279,0.6279638,0.2122471,0.1597891
280,0.6480777,0.1930617,0.1588605
281,0.6693038,0.171471,0.1592253
282,0.6749219,0.1668357,0.1582423
283,0.6609325,0.1843587,0.1547088
284,0.6830288,0.1599888,0.1569824
285,0.6428044,0.2074077,0.1497878
286,0.6964396,0.1472928,0.1562676
287,0.6976021,0.1463042,0.1560937
288,0.6617782,0.1873622,0.1508596
289,0.690458,0.1548624,0.1546797
290,0.7266037,0.1127814,0.1606148
291,0.7145327,0.1248232,0.160644
292,0.6699733,0.1725051,0.1575216
293,0.6473606,0.1962936,0.1563458
294,0.6355895,0.2105255,0.153885
295,0.6318915,0.2182378,0.1498708
296,0.6702943,0.1774276,0.1522781
297,0.7035656,0.1409829,0.1554515
298,0.6803537,0.1685172,0.1511291
299,0.6903677,0.1575715,0.1520608
300,0.6703037,0.1807097,0.1489866
301,0.6981503,0.14919,0.1526598
302,0.6976037,0.1491585,0.1532378
303,0.6416922,0.2131163,0.1451915
304,0.7061495,0.140323,0.1535275
305,0.7155175,0.1294579,0.1550247
306,0.7175848,0.1259454,0.1564698
307,0.7065439,0.1360606,0.1573955
308,0.6845243,0.1578912,0.1575845
309,0.6743461,0.1664464,0.1592076
310,0.6474557,0.1953997,0.1571446
311,0.6724451,0.1658663,0.1616886
312,0.6698917,0.1680202,0.1620881
313,0.6777622,0.1579421,0.1642957
314,0.6709458,0.1643212,0.1647331
315,0.6464831,0.1914001,0.1621169
316,0.6301196,0.2110693,0.1588111
317,0.6521587,0.1874121,0.1604291
318,0.6558351,0.1848839,0.159281
319,0.6795105,0.1585772,0.1619123
320,0.6150998,0.2349167,0.1499835
321,0.6399728,0.2111006,0.1489266
322,0.6700044,0.1797531,0.1502425
323,0.6988019,0.1486775,0.1525206
324,0.707303,0.1399226,0.1527743
325,0.723042,0.1217807,0.1551773
326,0.743301,0.09732113,0.1593778
327,0.742444,0.09540667,0.1621493
328,0.7128692,0.123818,0.1633129
329,0.6507075,0.1879091,0.1613834
330,0.6393833,0.19629,0.1643266
331,0.6364856,0.1977732,0.1657412
332,0.6262823,0.2102083,0.1635094
333,0.630992,0.2072595,0.1617485
334,0.6364453,0.2042947,0.1592599
335,0.6998053,0.131895,0.1682997
336,0.6613343,0.1768902,0.1617754
337,0.6748291,0.1611676,0.1640033
338,0.6680598,0.1680076,0.1639327
339,0.6712132,0.1630862,0.1657006
340,0.6798351,0.1511467,0.1690181
341,0.6383562,0.1970934,0.1645504
342,0.5748888,0.2740614,0.1510499
343,0.6451377,0.1996193,0.155243
344,0.6748121,0.1686611,0.1565268
345,0.7043944,0.1364265,0.1591791
346,0.717978,0.1210933,0.1609286
347,0.7001266,0.1400958,0.1597776
348,0.6642351,0.1788102,0.1569547
349,0.6781774,0.1610104,0.1608122
350,0.6640608,0.1756867,0.1602525
351,0.6515399,0.189569,0.1588912
352,0.6492139,0.1929089,0.1578772
353,0.6567618,0.1855137,0.1577245
354,0.6810113,0.1583466,0.160642
355,0.6604747,0.1824793,0.157046
356,0.6751735,0.166057,0.1587694
357,0.7048876,0.131181,0.1639313
358,0.6616628,0.1794058,0.1589314
359,0.6567051,0.1843769,0.158918
360,0.6479355,0.1947426,0.1573218
361,0.6665639,0.1741122,0.159324
362,0.6898069,0.1473146,0.1628784
363,0.6753808,0.1631788,0.1614404
364,0.6746504,0.1628385,0.1625111
365,0.7027403,0.1283062,0.1689535
366,0.5941691,0.2515672,0.1542638
367,0.6453758,0.1955314,0.1590928
368,0.678169,0.1589303,0.1629007
369,0.6620031,0.1786257,0.1593712
370,0.6645723,0.1766086,0.1588191
371,0.6838301,0.1545739,0.161596
372,0.6537389,0.1891145,0.1571467
373,0.6798322,0.1592351,0.1609328
374,0.654039,0.1888929,0.1570682
375,0.6869296,0.1511833,0.1618871
376,0.6879373,0.1490168,0.1630459
377,0.6506866,0.1906941,0.1586193
378,0.6712491,0.1665475,0.1622034
379,0.6629917,0.1754282,0.1615801
380,0.6675394,0.1697508,0.1627099
381,0.6555663,0.1832129,0.1612208
382,0.6469321,0.1937376,0.1593302
383,0.6799234,0.1560389,0.1640377
384,0.6684656,0.168894,0.1626404
385,0.6533073,0.1862165,0.1604761
386,0.6884374,0.14511,0.1664526
387,0.6633816,0.1726242,0.1639941
388,0.6234628,0.2186332,0.157904
389,0.616297,0.2310109,0.1526922
390,0.6641002,0.1800442,0.1558556
391,0.6676066,0.178858,0.1535354
392,0.6873603,0.1582212,0.1544185
393,0.7078535,0.1353984,0.1567481
394,0.6571851,0.1931728,0.149642
395,0.7051173,0.1386729,0.1562099
396,0.7233288,0.1169639,0.1597073
