    unsorted:	 82.72733730 82.72733730 82.72733730 82.72733730 82.72733730 17502.86849 17916.54072 16611.82881 20260.21279 21460.38385 13548.80153 12852.15647 10857.05933 10142.49781 24266.29588 28131.68421 28479.80232 29517.86130 6562.977798 5641.846320 3570.326471 2786.204235 1811.779540 323.6791220 281.3953724 633.9678074 32126.57432 35567.17849 36789.30823 39901.42509 41585.52907 42842.86400 43693.63287 48533.78966 51675.25603 54289.91286 62242.56110 64433.92243 74161.50106 99185.82495 118296.1512 139953.7790 182519.4913 201371.4036 303002.0527 384950.8942 456590.7459 2.220278123e+10
      sorted:	 82.72733730 82.72733730 82.72733730 82.72733730 82.72733730 281.3953724 323.6791220 633.9678074 1811.779540 2786.204235 3570.326471 5641.846320 6562.977798 10142.49781 10857.05933 12852.15647 13548.80153 16611.82881 17502.86849 17916.54072 20260.21279 21460.38385 24266.29588 28131.68421 28479.80232 29517.86130 32126.57432 35567.17849 36789.30823 39901.42509 41585.52907 42842.86400 43693.63287 48533.78966 51675.25603 54289.91286 62242.56110 64433.92243 74161.50106 99185.82495 118296.1512 139953.7790 182519.4913 201371.4036 303002.0527 384950.8942 456590.7459 2.220278123e+10
