EwEVersion,"6.6.5.17207 (compiled 12/14/2020)"
Date,"2/9/2022 11:14:32 AM"
ModelName,"NWACS AM 7ages updateF"
EcosimScenario,"sim3.5_ts1_fit28v_i7_PreySwitch1 vulcap"
TimeSeries,"copyUpdated NWACS MICE 5 v2-1-6-Time series grid"
StartYear,1985

Data,"Prey of menhaden 6+"

timestep\group,zooplankton,phytoplankton,Detritus,
1,0.6645669,0.1716091,0.1638241
2,0.6650237,0.1707313,0.1642451
3,0.663544,0.1719291,0.1645269
4,0.6613008,0.1739666,0.1647326
5,0.6590781,0.1760816,0.1648403
6,0.6573358,0.1778506,0.1648137
7,0.6562804,0.1790904,0.1646292
8,0.6559449,0.179773,0.1642821
9,0.6562616,0.179956,0.1637824
10,0.6571189,0.1797322,0.163149
11,0.658398,0.179198,0.162404
12,0.6599936,0.1784372,0.1615691
13,0.6618204,0.1775158,0.1606638
14,0.6622405,0.1773075,0.1604519
15,0.6626408,0.1770954,0.1602638
16,0.6630028,0.1768946,0.1601025
17,0.663317,0.1767128,0.1599702
18,0.6635787,0.1765536,0.1598677
19,0.6637865,0.1764181,0.1597954
20,0.6639408,0.176306,0.1597531
21,0.6640423,0.1762171,0.1597406
22,0.6640915,0.1761508,0.1597576
23,0.6640891,0.1761069,0.1598039
24,0.6640354,0.1760853,0.1598792
25,0.6639305,0.1760863,0.1599832
26,0.6643059,0.1758319,0.1598622
27,0.6648644,0.1754778,0.1596578
28,0.6655877,0.175034,0.1593783
29,0.6664594,0.1745095,0.1590311
30,0.6674649,0.1739123,0.1586228
31,0.6685905,0.17325,0.1581596
32,0.6698244,0.172529,0.1576467
33,0.6711552,0.1717555,0.1570893
34,0.6725727,0.1709352,0.1564922
35,0.6740671,0.1700734,0.1558595
36,0.6756294,0.1691749,0.1551957
37,0.6772513,0.1682445,0.1545041
38,0.6788592,0.1673209,0.1538199
39,0.6803307,0.1664674,0.1532019
40,0.681667,0.1656848,0.1526482
41,0.6828691,0.1649741,0.1521567
42,0.6839395,0.1643356,0.1517249
43,0.6848814,0.1637685,0.15135
44,0.6856998,0.1632711,0.1510292
45,0.6864002,0.1628405,0.1507592
46,0.6869891,0.1624738,0.1505371
47,0.6874734,0.1621672,0.1503594
48,0.6878599,0.161917,0.1502231
49,0.6881559,0.1617194,0.1501247
50,0.6888152,0.1613389,0.1498459
51,0.6893927,0.1610061,0.1496011
52,0.6898946,0.1607176,0.1493879
53,0.6903261,0.1604704,0.1492036
54,0.6906927,0.1602615,0.1490458
55,0.6909993,0.1600884,0.1489124
56,0.6912501,0.1599486,0.1488012
57,0.6914493,0.1598401,0.1487106
58,0.6916007,0.1597606,0.1486387
59,0.6917076,0.1597084,0.148584
60,0.6917734,0.1596817,0.148545
61,0.6918008,0.1596788,0.1485204
62,0.6920096,0.1595859,0.1484045
63,0.6923574,0.1594252,0.1482174
64,0.6928527,0.1591923,0.1479551
65,0.693512,0.1588782,0.1476097
66,0.6943526,0.1584741,0.1471734
67,0.6953856,0.1579737,0.1466407
68,0.696615,0.1573748,0.1460102
69,0.6980369,0.1566792,0.1452839
70,0.6996407,0.1558921,0.1444672
71,0.701411,0.1550212,0.1435678
72,0.7033294,0.1540757,0.1425948
73,0.705376,0.1530658,0.1415582
74,0.7073569,0.1520917,0.1405514
75,0.7095893,0.1509886,0.139422
76,0.7120448,0.149771,0.1381842
77,0.7146804,0.1484607,0.1368589
78,0.7174475,0.1470825,0.1354701
79,0.7202984,0.1456597,0.1340418
80,0.7231899,0.1442136,0.1325965
81,0.7260832,0.1427628,0.1311539
82,0.7289445,0.1413242,0.1297313
83,0.7317458,0.1399117,0.1283424
84,0.7344666,0.1385358,0.1269976
85,0.7370911,0.1372045,0.1257045
86,0.7391902,0.1361416,0.1246683
87,0.7409663,0.1352424,0.1237913
88,0.7424326,0.1345003,0.123067
89,0.7436016,0.1339091,0.1224892
90,0.7444848,0.133463,0.1220522
91,0.7450927,0.1331566,0.1217506
92,0.7454348,0.1329854,0.1215798
93,0.7455191,0.1329452,0.1215358
94,0.7453497,0.133034,0.1216163
95,0.7449313,0.1332497,0.1218191
96,0.7442676,0.1335904,0.1221421
97,0.7433614,0.1340546,0.1225839
98,0.7418516,0.1348312,0.1233173
99,0.7400261,0.1357699,0.1242041
100,0.7378793,0.1368736,0.1252472
101,0.7353953,0.1381507,0.126454
102,0.7325598,0.1396086,0.1278316
103,0.7293708,0.1412483,0.1293808
104,0.7258167,0.1430759,0.1311074
105,0.7218868,0.1450967,0.1330165
106,0.7175943,0.1473038,0.1351019
107,0.7129265,0.1497037,0.1373698
108,0.7079137,0.1522805,0.1398058
109,0.7025945,0.1550138,0.1423917
110,0.6968734,0.1579533,0.1451733
111,0.6910613,0.160937,0.1480017
112,0.685209,0.1639384,0.1508526
113,0.6793648,0.1669323,0.1537029
114,0.6735702,0.169897,0.1565328
115,0.6678638,0.1728124,0.1593238
116,0.6622854,0.1756581,0.1620565
117,0.6568673,0.1784182,0.1647146
118,0.6516329,0.1810818,0.1672852
119,0.6465903,0.1836464,0.1697633
120,0.6417475,0.1861087,0.1721438
121,0.6371124,0.1884658,0.1744217
122,0.632935,0.1905885,0.1764764
123,0.6291501,0.1925108,0.1783391
124,0.6257305,0.1942471,0.1800224
125,0.6226547,0.195809,0.1815363
126,0.6198812,0.1972182,0.1829006
127,0.6173961,0.1984823,0.1841217
128,0.6151892,0.1996065,0.1852043
129,0.6132534,0.2005947,0.1861519
130,0.6115716,0.2014557,0.1869727
131,0.6101226,0.2022005,0.1876768
132,0.6089043,0.2028303,0.1882654
133,0.6079161,0.2033451,0.1887389
134,0.6072436,0.2037004,0.1890559
135,0.6069016,0.2038891,0.1892092
136,0.6068788,0.203917,0.1892042
137,0.6071464,0.2037987,0.1890549
138,0.6076789,0.2035473,0.1887737
139,0.6084675,0.2031672,0.1883654
140,0.6094834,0.202673,0.1878436
141,0.6107082,0.2020742,0.1872177
142,0.6121345,0.2013742,0.1864913
143,0.6137552,0.2005767,0.1856681
144,0.6155629,0.1996851,0.184752
145,0.6175179,0.1987199,0.1837621
146,0.6196391,0.1976712,0.1826897
147,0.6218436,0.1965814,0.1815749
148,0.6241301,0.1954508,0.180419
149,0.6264924,0.1942825,0.1792251
150,0.6289078,0.193088,0.1780042
151,0.6313475,0.1918821,0.1767704
152,0.6337998,0.1906706,0.1755296
153,0.6362497,0.1894612,0.1742891
154,0.6386802,0.1882622,0.1730575
155,0.6410741,0.1870815,0.1718443
156,0.6434132,0.1859271,0.1706597
157,0.6456796,0.1848071,0.1695132
158,0.6478522,0.1837317,0.1684161
159,0.649837,0.182749,0.167414
160,0.6516297,0.1818609,0.1665094
161,0.6532203,0.1810726,0.1657071
162,0.6545873,0.1803954,0.1650173
163,0.6557314,0.1798292,0.1644393
164,0.6566558,0.1793726,0.1639715
165,0.6573462,0.1790333,0.1636205
166,0.6577908,0.1788176,0.1633916
167,0.6580017,0.1787196,0.1632787
168,0.6579714,0.1787433,0.1632853
169,0.6577116,0.1788828,0.1634057
170,0.6570662,0.1792194,0.1637143
171,0.6561534,0.1796923,0.1641543
172,0.6550019,0.1802866,0.1647115
173,0.6536521,0.1809812,0.1653667
174,0.6521353,0.18176,0.1661047
175,0.6504659,0.1826154,0.1669187
176,0.6486804,0.1835285,0.1677911
177,0.6468132,0.1844814,0.1687054
178,0.6448862,0.1854628,0.1696511
179,0.6429179,0.1864629,0.1706191
180,0.6409391,0.187466,0.1715948
181,0.6389769,0.1884578,0.1725653
182,0.6370254,0.1894415,0.1735331
183,0.6352202,0.1903468,0.174433
184,0.6335729,0.1911678,0.1752594
185,0.6321002,0.1918956,0.1760042
186,0.6308182,0.1925222,0.1766597
187,0.6297395,0.1930409,0.1772197
188,0.6288738,0.1934467,0.1776795
189,0.6282288,0.1937359,0.1780354
190,0.6278091,0.193906,0.1782849
191,0.6276174,0.193956,0.1784267
192,0.6276546,0.1938855,0.1784599
193,0.6279102,0.1937011,0.1783887
194,0.6284503,0.1933693,0.1781803
195,0.6291867,0.1929369,0.1778764
196,0.6301066,0.1924112,0.1774822
197,0.6312008,0.1917975,0.1770017
198,0.6324632,0.1910995,0.1764373
199,0.6338767,0.1903261,0.1757971
200,0.6354306,0.1894833,0.1750861
201,0.637123,0.1885719,0.1743051
202,0.6389535,0.1875921,0.1734544
203,0.6409094,0.1865503,0.1725403
204,0.6429793,0.1854525,0.1715681
205,0.645164,0.1842982,0.1705378
206,0.6472971,0.1831734,0.1695295
207,0.6493978,0.1820684,0.1685339
208,0.651487,0.1809721,0.167541
209,0.6535829,0.179875,0.1665421
210,0.6556811,0.1787792,0.1655397
211,0.6577905,0.1776801,0.1645293
212,0.6599228,0.1765715,0.1635057
213,0.6620874,0.1754484,0.1624642
214,0.6642743,0.1743159,0.1614098
215,0.6664644,0.1731839,0.1603518
216,0.6686632,0.1720493,0.1592875
217,0.6708747,0.1709101,0.1582152
218,0.6731225,0.169754,0.1571236
219,0.6753531,0.1686084,0.1560386
220,0.6775644,0.1674744,0.1549612
221,0.6797525,0.1663541,0.1538934
222,0.6819108,0.1652508,0.1528384
223,0.6840205,0.1641742,0.1518054
224,0.6860621,0.1631342,0.1508037
225,0.6880288,0.1621345,0.1498367
226,0.6899118,0.1611795,0.1489087
227,0.6917011,0.1602743,0.1480246
228,0.6933856,0.1594247,0.1471897
229,0.694954,0.1586365,0.1464096
230,0.6965016,0.1578601,0.1456383
231,0.6980041,0.1571078,0.144888
232,0.6994383,0.1563915,0.1441702
233,0.700784,0.1557211,0.1434949
234,0.7020196,0.1551075,0.142873
235,0.7031128,0.1545671,0.1423201
236,0.7040551,0.1541042,0.1418407
237,0.7048386,0.1537228,0.1414385
238,0.7054319,0.1534393,0.1411288
239,0.7058409,0.1532504,0.1409086
240,0.7060464,0.1531663,0.1407872
241,0.7060509,0.1531858,0.1407633
242,0.7059631,0.1532522,0.1407847
243,0.7056538,0.1534329,0.1409134
244,0.7051543,0.1537115,0.1411341
245,0.7044873,0.1540765,0.1414362
246,0.7036608,0.1545236,0.1418156
247,0.7027007,0.1550393,0.1422599
248,0.7016302,0.1556118,0.142758
249,0.7004533,0.1562388,0.1433079
250,0.6991847,0.1569127,0.1439025
251,0.6978439,0.1576234,0.1445326
252,0.6964489,0.1583616,0.1451895
253,0.6950018,0.1591261,0.145872
254,0.6934943,0.1599213,0.1465844
255,0.6920299,0.1606932,0.147277
256,0.6906184,0.1614365,0.1479452
257,0.6892684,0.1621469,0.1485847
258,0.6879853,0.1628216,0.1491932
259,0.6867685,0.1634609,0.1497706
260,0.6856265,0.1640604,0.1503131
261,0.684567,0.1646161,0.1508169
262,0.6835962,0.1651248,0.151279
263,0.6827205,0.1655831,0.1516964
264,0.6819454,0.1659881,0.1520664
265,0.6812758,0.1663374,0.1523868
266,0.6806871,0.1666437,0.1526692
267,0.6801792,0.1669072,0.1529135
268,0.6797603,0.1671238,0.1531159
269,0.6794367,0.16729,0.1532733
270,0.6792139,0.167403,0.1533831
271,0.6790876,0.167465,0.1534474
272,0.6790572,0.1674763,0.1534664
273,0.6791246,0.167436,0.1534394
274,0.6792909,0.1673434,0.1533657
275,0.6795565,0.1671983,0.1532451
276,0.679922,0.1670006,0.1530774
277,0.6803836,0.166752,0.1528644
278,0.6808255,0.166513,0.1526616
279,0.6813197,0.1662461,0.1524341
280,0.6818729,0.1659481,0.1521789
281,0.6824907,0.165616,0.1518933
282,0.6831753,0.1652485,0.1515762
283,0.6839157,0.1648516,0.1512328
284,0.6847163,0.1644227,0.150861
285,0.6855808,0.1639601,0.150459
286,0.6865119,0.1634625,0.1500256
287,0.6875054,0.162932,0.1495626
288,0.6885526,0.1623733,0.1490742
289,0.6896547,0.1617856,0.1485596
290,0.690761,0.1611955,0.1480435
291,0.6918064,0.1606367,0.1475569
292,0.6928001,0.1601044,0.1470955
293,0.6937384,0.1596007,0.1466609
294,0.6946284,0.1591219,0.1462498
295,0.6954746,0.1586656,0.1458597
296,0.6962807,0.1582302,0.1454891
297,0.6970479,0.157815,0.1451371
298,0.6977764,0.15742,0.1448037
299,0.6984647,0.1570457,0.1444896
300,0.6991104,0.1566935,0.144196
301,0.6997073,0.1563669,0.1439258
302,0.7003322,0.1560259,0.1436419
303,0.700949,0.1556893,0.1433617
304,0.7015464,0.1553629,0.1430906
305,0.7021139,0.1550524,0.1428338
306,0.7026415,0.1547625,0.1425959
307,0.7031205,0.1544982,0.1423813
308,0.7035421,0.154264,0.1421939
309,0.7038988,0.1540642,0.142037
310,0.7041838,0.1539027,0.1419135
311,0.7043838,0.1537865,0.1418297
312,0.7044923,0.1537192,0.1417886
313,0.7045048,0.1537032,0.141792
314,0.7044194,0.1537394,0.1418412
315,0.7042813,0.1538045,0.1419142
316,0.704085,0.1539014,0.1420136
317,0.7038258,0.1540325,0.1421417
318,0.7034991,0.1542002,0.1423007
319,0.703092,0.1544111,0.1424969
320,0.702603,0.1546659,0.1427311
321,0.7020317,0.1549649,0.1430033
322,0.7013783,0.1553079,0.1433138
323,0.7006435,0.1556946,0.1436619
324,0.6998283,0.1561242,0.1440474
325,0.69893,0.1565983,0.1444717
326,0.697991,0.1570946,0.1449143
327,0.6970568,0.1575897,0.1453535
328,0.6961198,0.1580875,0.1457927
329,0.6951758,0.15859,0.1462341
330,0.6942226,0.1590986,0.1466788
331,0.6932595,0.1596134,0.1471272
332,0.692284,0.1601356,0.1475803
333,0.6912916,0.1606677,0.1480407
334,0.6902856,0.1612078,0.1485066
335,0.6892702,0.1617537,0.1489761
336,0.6882497,0.1623031,0.1494471
337,0.687229,0.1628535,0.1499175
338,0.6859863,0.1635201,0.1504936
339,0.6846383,0.1642423,0.1511194
340,0.6832008,0.1650119,0.1517873
341,0.6816872,0.1658218,0.152491
342,0.6801096,0.1666657,0.1532247
343,0.6784781,0.1675383,0.1539836
344,0.6768017,0.1684348,0.1547634
345,0.6750878,0.1693515,0.1555607
346,0.6733426,0.1702848,0.1563726
347,0.6715739,0.1712304,0.1571958
348,0.6697887,0.1721838,0.1580274
349,0.6679934,0.1731415,0.158865
350,0.6661286,0.174134,0.1597374
351,0.664181,0.1751676,0.1606514
352,0.6621618,0.1762363,0.1616018
353,0.6600791,0.1773359,0.162585
354,0.6579406,0.1784623,0.1635972
355,0.6557526,0.1796121,0.1646353
356,0.6535205,0.1807827,0.1656968
357,0.6512483,0.1819719,0.1667797
358,0.64894,0.1831778,0.1678822
359,0.6465985,0.1843988,0.1690027
360,0.6442265,0.1856336,0.1701398
361,0.6418273,0.1868807,0.171292
362,0.639503,0.1880868,0.1724102
363,0.6372289,0.1892648,0.1735062
364,0.6350026,0.1904159,0.1745815
365,0.6328214,0.1915416,0.1756369
366,0.6306827,0.1926434,0.1766738
367,0.6285845,0.1937225,0.1776931
368,0.6265244,0.1947798,0.1786957
369,0.6245008,0.1958166,0.1796826
370,0.6225119,0.1968337,0.1806543
371,0.6205562,0.1978321,0.1816116
372,0.6186328,0.1988122,0.1825551
373,0.61674,0.1997748,0.1834852
374,0.6150161,0.2006481,0.1843359
375,0.6134404,0.2014428,0.1851167
376,0.6119943,0.2021691,0.1858367
377,0.6106654,0.202833,0.1865016
378,0.6094441,0.20344,0.1871159
379,0.6083227,0.2039939,0.1876834
380,0.6072949,0.2044982,0.1882069
381,0.6063558,0.2049554,0.1886888
382,0.6055015,0.2053677,0.1891308
383,0.6047285,0.2057369,0.1895346
384,0.6051916,0.2046279,0.1901805
385,0.6045991,0.2047494,0.1906515
386,0.6035367,0.2054052,0.1910581
387,0.602361,0.2062273,0.1914117
388,0.6012656,0.2070209,0.1917135
389,0.6003507,0.2076914,0.1919579
390,0.5996548,0.208205,0.1921403
391,0.5991794,0.2085613,0.1922593
392,0.5989079,0.2087761,0.1923159
393,0.5988126,0.2088726,0.1923148
394,0.598867,0.2088722,0.1922607
395,0.5990507,0.2087922,0.1921571
396,0.5993471,0.2086461,0.1920069
