    unsorted:	 986.9604406 986.9604406 986.9604406 986.9604406 986.9604406 0.05695260627 0.4586358444 1.475724211 1003.317518 1157.637118 3649.411835 4241.201580 7144.369991 11886.00634 13786.60100 15010.20098 18565.06084 22374.19113 24031.23644 26458.27135 30506.25383 36833.72761 38210.72816 43962.65774 45051.74275 53526.85743 61018.09249 67120.03116 74423.38581 99125.14676 98801.92346 101195.4064 102638.2283 103741.7178 96391.49411 107721.5683 108116.4444 107135.4669 108711.5832 109965.5847 92031.79262 84902.94679 114911.7104 189778.3981 373321.4259 1662387.428
      sorted:	 0.05695260627 0.4586358444 1.475724211 986.9604406 986.9604406 986.9604406 986.9604406 986.9604406 1003.317518 1157.637118 3649.411835 4241.201580 7144.369991 11886.00634 13786.60100 15010.20098 18565.06084 22374.19113 24031.23644 26458.27135 30506.25383 36833.72761 38210.72816 43962.65774 45051.74275 53526.85743 61018.09249 67120.03116 74423.38581 84902.94679 92031.79262 96391.49411 98801.92346 99125.14676 101195.4064 102638.2283 103741.7178 107135.4669 107721.5683 108116.4444 108711.5832 109965.5847 114911.7104 189778.3981 373321.4259 1662387.428
