    unsorted:	 986.9604406 986.9604406 986.9604406 986.9604406 986.9604406 0.2315705513 0.4178870632 1.395808956 1010.991206 1081.786986 3483.174659 4254.496715 7055.913153 12064.53280 13983.68386 15556.28992 23293.60547 23370.81176 19703.21104 26809.54365 30333.42592 36322.68735 37557.34498 43967.64926 43497.20962 51220.41084 58591.97587 64673.74779 70930.44918 80369.52089 101597.2697 98215.09526 99671.51933 104167.4342 105058.3179 93984.58998 108114.7392 107877.3373 109109.8199 110067.7157 110728.7634 88483.07294 113507.0234 185366.2523 389228.8710 1599389.515
      sorted:	 0.2315705513 0.4178870632 1.395808956 986.9604406 986.9604406 986.9604406 986.9604406 986.9604406 1010.991206 1081.786986 3483.174659 4254.496715 7055.913153 12064.53280 13983.68386 15556.28992 19703.21104 23293.60547 23370.81176 26809.54365 30333.42592 36322.68735 37557.34498 43497.20962 43967.64926 51220.41084 58591.97587 64673.74779 70930.44918 80369.52089 88483.07294 93984.58998 98215.09526 99671.51933 101597.2697 104167.4342 105058.3179 107877.3373 108114.7392 109109.8199 110067.7157 110728.7634 113507.0234 185366.2523 389228.8710 1599389.515
