    unsorted:	 246.7401105 246.7401105 246.7401105 246.7401105 246.7401105 34850.59899 0.004935225193 35052.66109 36487.55123 40453.70499 39121.97700 41104.77130 41707.50052 33786.72334 30698.32514 27156.73009 26083.14243 24541.70500 22972.10954 20728.70756 49020.42580 52825.15889 54878.62101 3637.508432 6281.363354 3964.962657 0.03019759291 539.3821413 63983.71713 68152.05597 73750.53389 74536.17055 85863.40360 93692.33190 99234.20448 104470.8237 127166.3315 129431.7745 131222.8618 138801.8181 194931.9116 287359.4322 432439.6520 562580.1861 1001810.296
      sorted:	 0.004935225193 0.03019759291 246.7401105 246.7401105 246.7401105 246.7401105 246.7401105 539.3821413 3637.508432 3964.962657 6281.363354 20728.70756 22972.10954 24541.70500 26083.14243 27156.73009 30698.32514 33786.72334 34850.59899 35052.66109 36487.55123 39121.97700 40453.70499 41104.77130 41707.50052 49020.42580 52825.15889 54878.62101 63983.71713 68152.05597 73750.53389 74536.17055 85863.40360 93692.33190 99234.20448 104470.8237 127166.3315 129431.7745 131222.8618 138801.8181 194931.9116 287359.4322 432439.6520 562580.1861 1001810.296
