    unsorted:	 986.9604406 986.9604406 986.9604406 986.9604406 986.9604406 0.006045596672 0.006045596662 0.006045606483 0.004935360662 0.008575662622 0.01111201240 35.35674626 41.14335072 0.007945573132 1114.591426 1160.001210 639.7175235 3060.278266 5043.415303 6609.934061 8295.582183 8731.374950 9642.998628 10101.16330 12200.90958 13647.46682 14762.80803 15821.89393 19850.85800 22535.95413 26299.70006 31188.34876 33014.95331 34666.43304 36475.23324 40828.27301 41812.57739 42400.25454 46267.55093 45293.65764 48143.91359 50908.43848 54607.71244 60731.63505 65757.03147 69577.36483 73341.05552 78337.03008 86812.20761 97526.07188 128183.6235 239595.7018 537006.0019 811597.3870 1231804.942 18362500.76
      sorted:	 0.004935360662 0.006045596662 0.006045596672 0.006045606483 0.007945573132 0.008575662622 0.01111201240 35.35674626 41.14335072 639.7175235 986.9604406 986.9604406 986.9604406 986.9604406 986.9604406 1114.591426 1160.001210 3060.278266 5043.415303 6609.934061 8295.582183 8731.374950 9642.998628 10101.16330 12200.90958 13647.46682 14762.80803 15821.89393 19850.85800 22535.95413 26299.70006 31188.34876 33014.95331 34666.43304 36475.23324 40828.27301 41812.57739 42400.25454 45293.65764 46267.55093 48143.91359 50908.43848 54607.71244 60731.63505 65757.03147 69577.36483 73341.05552 78337.03008 86812.20761 97526.07188 128183.6235 239595.7018 537006.0019 811597.3870 1231804.942 18362500.76
