    unsorted:	 246.7401105 246.7401105 246.7401105 246.7401105 246.7401105 106.9801568 82.65202844 57.84548345 479.8423664 1890.448900 1867.596030 42495.88168 41719.76670 43938.62337 39382.97605 34605.34235 29715.63453 28429.46738 24386.29930 23058.91809 21001.90312 14964.89675 12406.83294 53008.05886 57006.26801 59390.90554 64731.66923 73924.82367 76520.73530 78284.57094 81706.83744 86353.16198 88216.48332 101261.5441 106161.7482 111216.2494 119543.3084 122813.2750 133880.7330 138250.3764 145531.3302 161087.1957 456536.4468 651602.9599 1191247.886
      sorted:	 57.84548345 82.65202844 106.9801568 246.7401105 246.7401105 246.7401105 246.7401105 246.7401105 479.8423664 1867.596030 1890.448900 12406.83294 14964.89675 21001.90312 23058.91809 24386.29930 28429.46738 29715.63453 34605.34235 39382.97605 41719.76670 42495.88168 43938.62337 53008.05886 57006.26801 59390.90554 64731.66923 73924.82367 76520.73530 78284.57094 81706.83744 86353.16198 88216.48332 101261.5441 106161.7482 111216.2494 119543.3084 122813.2750 133880.7330 138250.3764 145531.3302 161087.1957 456536.4468 651602.9599 1191247.886
