    unsorted:	 246.7401105 246.7401105 246.7401105 246.7401105 246.7401105 0.7697354806 234.4057538 139.6252645 342.9871238 637.4074731 1072.058915 7603.767566 10548.94445 16718.37003 15536.97811 23463.55875 30162.16882 35902.97895 41586.92811 45656.79210 47982.14421 57129.08358 60011.90449 66202.08358 78194.25489 84261.32467 97514.03024 98913.98315 119619.6836 136339.4363 147808.5337 160328.4052 197782.2333 368471.6127 685767.1795 8515822.441
      sorted:	 0.7697354806 139.6252645 234.4057538 246.7401105 246.7401105 246.7401105 246.7401105 246.7401105 342.9871238 637.4074731 1072.058915 7603.767566 10548.94445 15536.97811 16718.37003 23463.55875 30162.16882 35902.97895 41586.92811 45656.79210 47982.14421 57129.08358 60011.90449 66202.08358 78194.25489 84261.32467 97514.03024 98913.98315 119619.6836 136339.4363 147808.5337 160328.4052 197782.2333 368471.6127 685767.1795 8515822.441
