    unsorted:	 986.9604406 986.9604406 986.9604406 986.9604406 986.9604406 0.006046782257 0.006046782164 0.006046783980 0.005001969760 0.01025271431 0.01345800626 34.24521179 42.85662064 0.01303329886 1114.534777 1159.861078 639.6815275 3060.095172 11143.67950 10099.67072 9641.927171 8730.660755 8294.993573 6607.704839 12199.99966 13646.28602 14761.76473 15819.54759 19851.23010 22534.93125 26299.29356 33015.14942 31187.22663 34666.28616 36475.20739 40829.54205 41812.73962 42401.03077 45293.23759 46267.55823 48141.28002 50907.20367 54608.04277 60733.07056 65757.82905 69579.27649 73343.01765 78337.50346 86813.95523 97526.25023 128189.9857 239589.9889 537053.7439 811579.3901 1231791.719 18361968.43
      sorted:	 0.005001969760 0.006046782164 0.006046782257 0.006046783980 0.01025271431 0.01303329886 0.01345800626 34.24521179 42.85662064 639.6815275 986.9604406 986.9604406 986.9604406 986.9604406 986.9604406 1114.534777 1159.861078 3060.095172 6607.704839 8294.993573 8730.660755 9641.927171 10099.67072 11143.67950 12199.99966 13646.28602 14761.76473 15819.54759 19851.23010 22534.93125 26299.29356 31187.22663 33015.14942 34666.28616 36475.20739 40829.54205 41812.73962 42401.03077 45293.23759 46267.55823 48141.28002 50907.20367 54608.04277 60733.07056 65757.82905 69579.27649 73343.01765 78337.50346 86813.95523 97526.25023 128189.9857 239589.9889 537053.7439 811579.3901 1231791.719 18361968.43
