    unsorted:	 246.7401105 246.7401105 246.7401105 246.7401105 246.7401105 0.5430862746 15.10119635 5.034487266 296.6336523 41716.61502 42554.95672 43128.27775 40415.30794 33800.32247 22594.77613 28007.80149 25954.84559 20151.17467 16090.45820 14192.36883 11500.62097 8264.563330 6574.118180 51855.73266 57318.57052 55332.49607 59602.00921 63595.30087 74513.79527 76052.92917 79310.11157 83393.00494 85044.41638 87404.55635 101398.8948 109170.8199 110869.5023 117336.3579 121194.4605 131644.2117 137816.9997 143400.2710 148984.0198 558718.5643 1215857.192 4147259.568
      sorted:	 0.5430862746 5.034487266 15.10119635 246.7401105 246.7401105 246.7401105 246.7401105 246.7401105 296.6336523 6574.118180 8264.563330 11500.62097 14192.36883 16090.45820 20151.17467 22594.77613 25954.84559 28007.80149 33800.32247 40415.30794 41716.61502 42554.95672 43128.27775 51855.73266 55332.49607 57318.57052 59602.00921 63595.30087 74513.79527 76052.92917 79310.11157 83393.00494 85044.41638 87404.55635 101398.8948 109170.8199 110869.5023 117336.3579 121194.4605 131644.2117 137816.9997 143400.2710 148984.0198 558718.5643 1215857.192 4147259.568
