EwEVersion,"6.6.5.17207 (compiled 12/14/2020)"
Date,"7/22/2022 9:37:25 AM"
ModelName,"NWACS AM 7ages"
EcosimScenario,forcing_pdsi_egg_amo1
TimeSeries,"copyUpdated NWACS MICE 5 v2-1-6-Time series grid"
StartYear,1985

Data,"Prey of menhaden 2"

timestep\group,zooplankton,phytoplankton,Detritus,
1,0.5779766,0.1887431,0.2332802
2,0.5923532,0.166569,0.2410778
3,0.6026275,0.147118,0.2502545
4,0.6199097,0.1158518,0.2642385
5,0.5350682,0.2135815,0.2513504
6,0.4425454,0.3180558,0.2393989
7,0.3807605,0.3946158,0.2246237
8,0.4066093,0.3725235,0.2208672
9,0.457463,0.3228766,0.2196604
10,0.4972533,0.2839767,0.21877
11,0.5118671,0.2751532,0.2129797
12,0.5584885,0.2212207,0.2202907
13,0.5742896,0.2034129,0.2222976
14,0.576037,0.2012129,0.22275
15,0.5796671,0.1944755,0.2258574
16,0.5873415,0.18065,0.2320085
17,0.5956014,0.1641075,0.240291
18,0.5569716,0.2053312,0.2376972
19,0.5110524,0.2550246,0.2339229
20,0.476437,0.2933567,0.2302063
21,0.4900315,0.2727156,0.2372529
22,0.5008851,0.2568557,0.2422591
23,0.4825484,0.2806643,0.2367873
24,0.4493612,0.3280774,0.2225614
25,0.4617933,0.3215802,0.2166265
26,0.5058604,0.2737484,0.2203912
27,0.5282169,0.2512046,0.2205785
28,0.5234185,0.262677,0.2139044
29,0.5610073,0.2179274,0.2210653
30,0.5795563,0.1947717,0.2256721
31,0.5965424,0.171265,0.2321927
32,0.6075582,0.1527893,0.2396525
33,0.5719678,0.1907067,0.2373255
34,0.5325589,0.2312308,0.2362104
35,0.5075621,0.2538418,0.2385962
36,0.4938821,0.2640171,0.2421008
37,0.4848254,0.2702733,0.2449014
38,0.4644856,0.2939925,0.2415218
39,0.4684617,0.2872069,0.2443315
40,0.4759708,0.2763869,0.2476423
41,0.469947,0.2841087,0.2459444
42,0.4852926,0.2622544,0.2524531
43,0.4296996,0.338107,0.2321934
44,0.4597547,0.3014501,0.2387952
45,0.4821721,0.274658,0.24317
46,0.4942375,0.2602126,0.2455498
47,0.4583795,0.3101151,0.2315053
48,0.4896966,0.2709625,0.2393409
49,0.5124882,0.2410379,0.2464739
50,0.4892922,0.2711803,0.2395274
51,0.4755883,0.2889499,0.2354618
52,0.4503083,0.3253598,0.224332
53,0.4539169,0.3298336,0.2162494
54,0.4783376,0.3107388,0.2109236
55,0.5042958,0.2891026,0.2066014
56,0.5276538,0.2687138,0.2036324
57,0.5456892,0.2529614,0.2013493
58,0.5549565,0.2467272,0.1983164
59,0.56767,0.2349685,0.1973615
60,0.5889196,0.2112119,0.1998684
61,0.5975208,0.2019755,0.2005036
62,0.6025831,0.1961186,0.2012984
63,0.6093715,0.1871946,0.2034339
64,0.6056975,0.1903615,0.203941
65,0.5898148,0.2081612,0.202024
66,0.5954196,0.1994241,0.2051563
67,0.5956345,0.1972121,0.2071534
68,0.5858914,0.2072635,0.2068451
69,0.5863935,0.2045848,0.2090217
70,0.5713295,0.2215437,0.2071267
71,0.5854113,0.2022914,0.2122974
72,0.5815797,0.2051165,0.2133038
73,0.5835317,0.2002787,0.2161895
74,0.5925027,0.1857376,0.2217597
75,0.580039,0.197216,0.222745
76,0.5759628,0.1972365,0.2268007
77,0.5740929,0.1935468,0.2323603
78,0.5750801,0.1850615,0.2398584
79,0.5704225,0.1823703,0.2472073
80,0.5085124,0.2533202,0.2381674
81,0.4632235,0.3056225,0.2311539
82,0.4775573,0.2848735,0.2375693
83,0.4889192,0.2700329,0.2410479
84,0.4895001,0.2701174,0.2403825
85,0.4965048,0.2613082,0.242187
86,0.5031028,0.251933,0.2449643
87,0.4957307,0.2603515,0.2439178
88,0.4948577,0.259514,0.2456283
89,0.4930168,0.2593842,0.2475989
90,0.448786,0.3179226,0.2332915
91,0.4388675,0.3366554,0.2244771
92,0.457686,0.3231989,0.2191151
93,0.4870831,0.2967575,0.2161594
94,0.5163428,0.2681938,0.2154634
95,0.5312549,0.2559135,0.2128315
96,0.5385346,0.25202,0.2094453
97,0.5527034,0.2380825,0.209214
98,0.5623077,0.2286446,0.2090477
99,0.5565634,0.2379677,0.2054689
100,0.5578815,0.2384054,0.2037131
101,0.5955871,0.1920526,0.2123603
102,0.615521,0.1663815,0.2180974
103,0.6295958,0.1462293,0.224175
104,0.6418377,0.1261128,0.2320495
105,0.6042843,0.1652263,0.2304894
106,0.5633696,0.2058335,0.2307968
107,0.5158792,0.2556748,0.2284459
108,0.4722245,0.306302,0.2214734
109,0.4702382,0.3115348,0.2182271
110,0.4907822,0.2921889,0.2170288
111,0.500577,0.2881675,0.2112555
112,0.5508377,0.2295903,0.219572
113,0.5710467,0.2062985,0.2226548
114,0.5826651,0.1916248,0.2257101
115,0.5746891,0.1995788,0.2257321
116,0.5492607,0.2283797,0.2223597
117,0.5358012,0.2423002,0.2218986
118,0.5479113,0.2240113,0.2280773
119,0.55033,0.2177078,0.2319623
120,0.5453626,0.2201892,0.2344481
121,0.5284876,0.2375456,0.2339668
122,0.5189892,0.2454739,0.2355368
123,0.5241113,0.2343224,0.2415663
124,0.5293888,0.2221656,0.2484457
125,0.5052986,0.2480492,0.2466523
126,0.4795451,0.2764376,0.2440172
127,0.485844,0.2627727,0.2513833
128,0.5049675,0.2311572,0.2638753
129,0.5070735,0.2211674,0.2717591
130,0.3444073,0.4419638,0.2136289
131,0.392668,0.3897391,0.2175929
132,0.4602316,0.3204964,0.2192721
133,0.4907756,0.2953214,0.2139029
134,0.5215441,0.2663478,0.2121081
135,0.5441232,0.2444926,0.2113843
136,0.5527481,0.238239,0.2090128
137,0.5592193,0.2333144,0.2074663
138,0.5666459,0.2261221,0.207232
139,0.5615165,0.2341716,0.2043119
140,0.5664075,0.2295563,0.2040362
141,0.5623102,0.2361998,0.20149
142,0.5593858,0.2418364,0.1987778
143,0.5673861,0.2340652,0.1985487
144,0.5702663,0.2325821,0.1971516
145,0.5989624,0.1982434,0.2027943
146,0.6245043,0.1665544,0.2089414
147,0.6279819,0.1607596,0.2112585
148,0.6202977,0.1668755,0.2128268
149,0.6124195,0.171532,0.2160484
150,0.60774,0.1709104,0.2213495
151,0.5996093,0.1734542,0.2269365
152,0.5810303,0.1881036,0.2308661
153,0.5702187,0.1921161,0.2376652
154,0.5621715,0.1918907,0.2459378
155,0.4781864,0.2917244,0.2300893
156,0.4619165,0.3089826,0.2291008
157,0.4589513,0.3176025,0.2234461
158,0.4735435,0.3084792,0.2179773
159,0.496275,0.2896933,0.2140317
160,0.5197878,0.2682897,0.2119223
161,0.5366229,0.2534766,0.2099005
162,0.5402253,0.2543053,0.2054695
163,0.582458,0.2038754,0.2136666
164,0.6046056,0.1764921,0.2189023
165,0.6194471,0.1562241,0.2243288
166,0.6215514,0.1494963,0.2289523
167,0.6278153,0.1349377,0.237247
168,0.6358557,0.1156115,0.2485328
169,0.5677714,0.1895603,0.2426683
170,0.4927242,0.2697638,0.237512
171,0.4451305,0.3207173,0.2341522
172,0.4752985,0.2749453,0.2497562
173,0.4873777,0.254733,0.2578893
174,0.5104557,0.2179796,0.2715646
175,0.5333032,0.1787983,0.2878985
176,0.5504235,0.1449907,0.3045858
177,0.2599132,0.552712,0.1873748
178,0.3622672,0.4222496,0.2154832
179,0.4586634,0.3200617,0.2212749
180,0.5077876,0.2691462,0.2230661
181,0.533558,0.2440802,0.2223617
182,0.5480738,0.2301728,0.2217534
183,0.5542814,0.224387,0.2213317
184,0.542991,0.2395912,0.2174178
185,0.5430871,0.2399717,0.2169412
186,0.5355456,0.2503759,0.2140785
187,0.529009,0.260699,0.210292
188,0.536035,0.2548487,0.2091163
189,0.5433019,0.248957,0.207741
190,0.580455,0.2038841,0.2156609
191,0.5967085,0.1833103,0.2199811
192,0.597582,0.1802553,0.2221627
193,0.5952508,0.1792158,0.2255334
194,0.5897487,0.1803654,0.2298859
195,0.5335519,0.244858,0.2215902
196,0.5373464,0.2340709,0.2285827
197,0.5186119,0.2541286,0.2272594
198,0.4962883,0.2818967,0.2218151
199,0.4980485,0.2820678,0.2198838
200,0.5154899,0.2632961,0.2212141
201,0.5363917,0.2391293,0.2244789
202,0.5577879,0.212323,0.2298891
203,0.5853698,0.1748786,0.2397516
204,0.6078715,0.1412956,0.2508328
205,0.6221685,0.1157029,0.2621286
206,0.6368754,0.08697293,0.2761517
207,0.633602,0.07854879,0.2878492
208,0.6205598,0.0779364,0.3015039
209,0.5216075,0.1866078,0.2917846
210,0.3490683,0.3945147,0.2564171
211,0.2895103,0.4533112,0.2571785
212,0.3095864,0.4137308,0.2766828
213,0.2950105,0.4429484,0.2620411
214,0.2635936,0.5187254,0.217681
215,0.378188,0.3980758,0.2237362
216,0.4486038,0.332522,0.2188743
217,0.5010797,0.2804509,0.2184695
218,0.5213488,0.2649595,0.2136918
219,0.5381652,0.2508391,0.2109958
220,0.5502895,0.2403777,0.2093328
221,0.5540761,0.2390817,0.2068422
222,0.5510123,0.2459267,0.203061
223,0.5576994,0.2404225,0.2018781
224,0.5646598,0.2342804,0.2010598
225,0.565514,0.2355988,0.1988873
226,0.5683393,0.2344188,0.1972419
227,0.585939,0.2143971,0.199664
228,0.5904841,0.2099141,0.1996018
229,0.6043452,0.1931403,0.2025145
230,0.6127681,0.1821418,0.2050902
231,0.6193994,0.1722769,0.2083237
232,0.5963551,0.198009,0.2056359
233,0.5945296,0.1971223,0.208348
234,0.5912034,0.1979836,0.210813
235,0.5782148,0.2109732,0.210812
236,0.5618264,0.2288985,0.2092751
237,0.5461268,0.2476548,0.2062184
238,0.5552095,0.2367994,0.2079912
239,0.5606716,0.2309573,0.2083712
240,0.5727549,0.2165449,0.2107003
241,0.5749002,0.2140309,0.211069
242,0.5854848,0.2000617,0.2144535
243,0.5816721,0.2032572,0.2150708
244,0.5744657,0.2101264,0.2154078
245,0.568248,0.2155298,0.2162222
246,0.5809579,0.1965903,0.2224517
247,0.58165,0.1919574,0.2263926
248,0.5845336,0.1832628,0.2322036
249,0.5918235,0.1671932,0.2409833
250,0.4826379,0.300733,0.2166291
251,0.4729312,0.3133166,0.2137522
252,0.495039,0.2917005,0.2132605
253,0.5184822,0.268851,0.2126669
254,0.5421033,0.2442544,0.2136423
255,0.5697359,0.2121419,0.2181222
256,0.583225,0.1958135,0.2209615
257,0.5759397,0.2040424,0.2200178
258,0.5274485,0.2644107,0.2081408
259,0.5334738,0.2583783,0.2081478
260,0.5464578,0.2443641,0.2091781
261,0.5519708,0.2399438,0.2080854
262,0.5505835,0.2443935,0.205023
263,0.5534555,0.2436508,0.2028937
264,0.5776307,0.2153705,0.2069988
265,0.5889697,0.2020515,0.2089788
266,0.5966045,0.1922327,0.2111629
267,0.5942242,0.1937834,0.2119924
268,0.5762826,0.2141368,0.2095805
269,0.5979757,0.1843755,0.2176488
270,0.60529,0.1715865,0.2231235
271,0.6025895,0.1699413,0.2274693
272,0.6034289,0.1619848,0.2345863
273,0.608478,0.1466658,0.2448563
274,0.6035987,0.1416776,0.2547236
275,0.6017855,0.1300438,0.2681708
276,0.5603277,0.1670149,0.2726574
277,0.5232559,0.1949211,0.281823
278,0.3348165,0.439558,0.2256256
279,0.3347502,0.4365642,0.2286856
280,0.3977585,0.3702885,0.231953
281,0.4471448,0.3220539,0.2308012
282,0.4822236,0.2888201,0.2289563
283,0.499594,0.2758714,0.2245346
284,0.5176497,0.2594517,0.2228985
285,0.5163524,0.2667375,0.2169101
286,0.5307031,0.2530372,0.2162597
287,0.5426679,0.2410976,0.2162344
288,0.5406965,0.2462918,0.2130118
289,0.5542381,0.2311227,0.2146391
290,0.5710414,0.2104646,0.218494
291,0.5736117,0.2065058,0.2198825
292,0.5622038,0.2192468,0.2185494
293,0.5501411,0.2326285,0.2172304
294,0.5308058,0.2563846,0.2128096
295,0.51733,0.2755256,0.2071444
296,0.5288577,0.2652298,0.2059125
297,0.546682,0.2469511,0.2063668
298,0.5532411,0.242388,0.2043709
299,0.5624086,0.2339404,0.2036511
300,0.563678,0.2348527,0.2014693
301,0.5719308,0.2265829,0.2014862
302,0.5766146,0.2222445,0.2011409
303,0.5707937,0.2308101,0.1983962
304,0.6056577,0.1879662,0.2063762
305,0.6231605,0.1655407,0.2112988
306,0.6323286,0.1519685,0.215703
307,0.6367986,0.142244,0.2209575
308,0.6343302,0.1388831,0.2267868
309,0.6241581,0.1426511,0.2331907
310,0.5677354,0.2021778,0.2300869
311,0.5318462,0.2353961,0.2327578
312,0.5036244,0.2623844,0.2339912
313,0.4938982,0.2695861,0.2365157
314,0.4883263,0.2748088,0.2368649
315,0.4756724,0.2927855,0.2315421
316,0.476797,0.2959545,0.2272485
317,0.493004,0.2807567,0.2262394
318,0.5057896,0.2698777,0.2243327
319,0.5247194,0.2497581,0.2255224
320,0.5095348,0.2737647,0.2167006
321,0.5069413,0.2831618,0.2098968
322,0.5173485,0.2768819,0.2057696
323,0.5562476,0.2324659,0.2112865
324,0.5725008,0.2146375,0.2128617
325,0.5918936,0.1909708,0.2171356
326,0.6064538,0.1713209,0.2222253
327,0.6218821,0.1483754,0.2297425
328,0.6282315,0.134415,0.2373535
329,0.609154,0.1494901,0.2413559
330,0.5758811,0.1793969,0.2447221
331,0.5384162,0.2128467,0.2487372
332,0.4936126,0.2567203,0.2496671
333,0.4472133,0.3071662,0.2456204
334,0.4034756,0.3638571,0.2326672
335,0.4465763,0.3097557,0.2436679
336,0.4593561,0.2978894,0.2427545
337,0.4679029,0.2920704,0.2400268
338,0.4738587,0.2894539,0.2366874
339,0.487599,0.2756392,0.2367618
340,0.5055749,0.2543611,0.2400639
341,0.4899437,0.276872,0.2331842
342,0.451526,0.3330513,0.2154228
343,0.4917161,0.2901466,0.2181372
344,0.5160108,0.2660601,0.217929
345,0.5371339,0.2441971,0.218669
346,0.5541706,0.2254077,0.2204217
347,0.5621989,0.2161947,0.2216064
348,0.5524321,0.2283528,0.2192151
349,0.5502332,0.2303259,0.2194409
350,0.5383983,0.2447121,0.2168896
351,0.5337656,0.2509122,0.2153222
352,0.5338527,0.2521229,0.2140244
353,0.5417146,0.2439254,0.21436
354,0.5629434,0.2179339,0.2191227
355,0.5643907,0.2159,0.2197093
356,0.5669278,0.211395,0.2216772
357,0.5734371,0.2005355,0.2260274
358,0.5557227,0.2194315,0.2248458
359,0.5398433,0.2358716,0.2242851
360,0.5241274,0.2531768,0.2226958
361,0.5217958,0.2549579,0.2232462
362,0.531426,0.2420304,0.2265437
363,0.5335506,0.2386269,0.2278224
364,0.5360548,0.2342575,0.2296876
365,0.5543789,0.2080337,0.2375874
366,0.5200117,0.2491985,0.2307899
367,0.5125214,0.2559317,0.2315469
368,0.5181298,0.2461153,0.2357549
369,0.5150042,0.2477913,0.2372046
370,0.5050661,0.2586264,0.2363076
371,0.5085302,0.2519008,0.2395691
372,0.4969511,0.2651939,0.237855
373,0.4952251,0.2659599,0.238815
374,0.4751737,0.292457,0.2323693
375,0.495091,0.2671128,0.2377962
376,0.508365,0.249562,0.2420729
377,0.4941173,0.2679858,0.237897
378,0.4935754,0.2682393,0.2381853
379,0.4972597,0.2626921,0.2400482
380,0.5175207,0.233836,0.2486432
381,0.5213102,0.2249497,0.2537401
382,0.4936532,0.2564962,0.2498506
383,0.4943335,0.2487496,0.2569169
384,0.4824414,0.2574715,0.2600871
385,0.4529513,0.2903484,0.2567002
386,0.4550084,0.2799961,0.2649955
387,0.4440262,0.2884381,0.2675357
388,0.3711469,0.3880283,0.2408249
389,0.3518368,0.4243917,0.2237714
390,0.4221652,0.3481866,0.2296482
391,0.4599233,0.3136669,0.2264098
392,0.4960721,0.2774929,0.2264349
393,0.5276294,0.2429004,0.2294701
394,0.5256265,0.2493345,0.225039
395,0.5406479,0.2317221,0.2276299
396,0.5534908,0.2146408,0.2318685
