    unsorted:	 43.36570986 43.36570986 43.36570986 43.36570986 43.36570986 324.7261954 183.8031101 4045.507610 3276.638362 2088.410093 5528.922843 8418.954427 9375.974220 18306.85674 23413.05706 36009.48238 45755.65570 56568.62479 64521.48346 92740.14025 99608.25006 108587.5971 120383.5829 128691.0633 157548.0880 180052.8161 471235.7956 732668.4224 1627630.869
      sorted:	 43.36570986 43.36570986 43.36570986 43.36570986 43.36570986 183.8031101 324.7261954 2088.410093 3276.638362 4045.507610 5528.922843 8418.954427 9375.974220 18306.85674 23413.05706 36009.48238 45755.65570 56568.62479 64521.48346 92740.14025 99608.25006 108587.5971 120383.5829 128691.0633 157548.0880 180052.8161 471235.7956 732668.4224 1627630.869
