    unsorted:	 986.9604406 986.9604406 986.9604406 986.9604406 986.9604406 0.005102436023 0.005014997202 0.02960254953 -0.04523213817 53.48048224 45.03822142 -96.04630049 1011.635378 1262.827012 2547.758314 4985.072706 5664.468886 9071.692504 13907.85548 11677.65971 13339.80881 17992.01940 19617.19370 19833.20484 22304.37832 25029.54787 30578.90909 30412.17131 27974.57532 32161.72230 33055.51822 34759.61454 37348.14080 40027.10683 41660.82685 44565.42757 48067.71112 50720.73277 54899.16547 56797.59396 60444.40728 70949.12819 71147.08087 78274.50759 80326.86395 232425.5186 295709.1886 611533.0999 2429710.875 -792340103.5 -925429694.2 793143806.1 931759248.6 -1.284825626e+10 1.285153448e+10
      sorted:	 -1.284825626e+10 -925429694.2 -792340103.5 -96.04630049 -0.04523213817 0.005014997202 0.005102436023 0.02960254953 45.03822142 53.48048224 986.9604406 986.9604406 986.9604406 986.9604406 986.9604406 1011.635378 1262.827012 2547.758314 4985.072706 5664.468886 9071.692504 11677.65971 13339.80881 13907.85548 17992.01940 19617.19370 19833.20484 22304.37832 25029.54787 27974.57532 30412.17131 30578.90909 32161.72230 33055.51822 34759.61454 37348.14080 40027.10683 41660.82685 44565.42757 48067.71112 50720.73277 54899.16547 56797.59396 60444.40728 70949.12819 71147.08087 78274.50759 80326.86395 232425.5186 295709.1886 611533.0999 2429710.875 793143806.1 931759248.6 1.285153448e+10
