    unsorted:	 986.9604406 986.9604406 986.9604406 986.9604406 986.9604406 0.006077494727 0.006077494717 0.006077498949 0.008018795035 0.02585861941 0.007259070310 0.01000727983 0.009598168027 0.05245623233 1041.408055 1176.696916 669.8958944 551.1008311 2912.486093 7882.795617 7590.035299 8695.095077 9057.843211 10735.84720 11248.06673 13114.70658 14544.18233 16918.92910 19730.17163 25343.38861 29713.51728 30603.39802 32205.85550 37926.73949 38789.86791 42190.53867 44059.13252 47254.10139 48502.75073 52006.28776 53521.70797 55372.34128 58363.52514 65197.73186 74905.43676 76883.02568 85443.14755 86455.26531 92181.24605 129488.4606 188220.7519 475312.3294 824128.2483 1299495.419 24736076.90
      sorted:	 0.006077494717 0.006077494727 0.006077498949 0.007259070310 0.008018795035 0.009598168027 0.01000727983 0.02585861941 0.05245623233 551.1008311 669.8958944 986.9604406 986.9604406 986.9604406 986.9604406 986.9604406 1041.408055 1176.696916 2912.486093 7590.035299 7882.795617 8695.095077 9057.843211 10735.84720 11248.06673 13114.70658 14544.18233 16918.92910 19730.17163 25343.38861 29713.51728 30603.39802 32205.85550 37926.73949 38789.86791 42190.53867 44059.13252 47254.10139 48502.75073 52006.28776 53521.70797 55372.34128 58363.52514 65197.73186 74905.43676 76883.02568 85443.14755 86455.26531 92181.24605 129488.4606 188220.7519 475312.3294 824128.2483 1299495.419 24736076.90
