    unsorted:	 986.9604406 986.9604406 986.9604406 986.9604406 986.9604406 0.006048758686 0.006048758618 0.006048759273 0.006844817732 0.006017314459 0.01609679953 0.004977576924 983.5265334 11.95459651 145.9669289 68.85767088 1130.477067 1439.650334 3446.751334 4974.474782 8627.123688 10406.87644 11660.52565 13400.92186 13940.39927 16658.53111 18023.50876 20029.86300 19587.93765 22882.60873 27470.81971 28436.80064 30481.27709 30760.06984 32633.92128 33110.29580 35417.73414 37388.03679 41508.07556 44672.09372 47701.52356 48940.63503 52523.19361 55166.13751 57241.15640 59606.19654 69831.32285 72054.80504 78018.29033 210144.7322 299987.1539 401651.5970 419403.6286 1456134.203 11205451.58 0.005523912991
      sorted:	 0.004977576924 0.005523912991 0.006017314459 0.006048758618 0.006048758686 0.006048759273 0.006844817732 0.01609679953 11.95459651 68.85767088 145.9669289 983.5265334 986.9604406 986.9604406 986.9604406 986.9604406 986.9604406 1130.477067 1439.650334 3446.751334 4974.474782 8627.123688 10406.87644 11660.52565 13400.92186 13940.39927 16658.53111 18023.50876 19587.93765 20029.86300 22882.60873 27470.81971 28436.80064 30481.27709 30760.06984 32633.92128 33110.29580 35417.73414 37388.03679 41508.07556 44672.09372 47701.52356 48940.63503 52523.19361 55166.13751 57241.15640 59606.19654 69831.32285 72054.80504 78018.29033 210144.7322 299987.1539 401651.5970 419403.6286 1456134.203 11205451.58
