    unsorted:	 246.7401105 246.7401105 246.7401105 246.7401105 246.7401105 0.3374100477 0.8892116397 7.361605227 298.4209864 41980.36580 43044.62903 40325.94243 44263.57571 33575.34054 28789.86177 26908.06010 23424.75943 20482.50085 14630.65442 16488.93381 11967.16236 7762.643101 5486.325042 52251.13643 57101.16501 58014.22135 61890.34334 74172.31570 69961.44203 76101.28798 77974.00689 81382.06863 83014.21415 98980.75884 104521.8558 109158.4420 116258.2592 120937.4135 124130.5925 128166.0208 140870.8290 145234.6256 208728.7937 549941.8640 1157857.347 4169511.655
      sorted:	 0.3374100477 0.8892116397 7.361605227 246.7401105 246.7401105 246.7401105 246.7401105 246.7401105 298.4209864 5486.325042 7762.643101 11967.16236 14630.65442 16488.93381 20482.50085 23424.75943 26908.06010 28789.86177 33575.34054 40325.94243 41980.36580 43044.62903 44263.57571 52251.13643 57101.16501 58014.22135 61890.34334 69961.44203 74172.31570 76101.28798 77974.00689 81382.06863 83014.21415 98980.75884 104521.8558 109158.4420 116258.2592 120937.4135 124130.5925 128166.0208 140870.8290 145234.6256 208728.7937 549941.8640 1157857.347 4169511.655
