    unsorted:	 246.7401105 246.7401105 246.7401105 246.7401105 246.7401105 0.05360166618 1.822458798 144.9735815 302.6583166 43048.89829 42762.59521 50557.90476 50192.26752 52251.58253 39207.27935 33478.18715 31477.27592 28731.91325 24205.30452 21591.84929 19730.75424 17052.55127 14042.53061 11504.43227 5536.136948 6969.314949 59219.59128 63022.94595 76294.39854 77519.40693 80021.41268 84142.29377 86753.17827 101508.8118 106558.6454 107243.3198 110222.4282 116320.0969 120129.2523 133416.7607 136488.1223 147313.7755 251017.5135 610600.2112 707429.4681 4178286.642
      sorted:	 0.05360166618 1.822458798 144.9735815 246.7401105 246.7401105 246.7401105 246.7401105 246.7401105 302.6583166 5536.136948 6969.314949 11504.43227 14042.53061 17052.55127 19730.75424 21591.84929 24205.30452 28731.91325 31477.27592 33478.18715 39207.27935 42762.59521 43048.89829 50192.26752 50557.90476 52251.58253 59219.59128 63022.94595 76294.39854 77519.40693 80021.41268 84142.29377 86753.17827 101508.8118 106558.6454 107243.3198 110222.4282 116320.0969 120129.2523 133416.7607 136488.1223 147313.7755 251017.5135 610600.2112 707429.4681 4178286.642
