    unsorted:	 82.55153024 82.55153024 82.55153024 82.55153024 82.55153024 17501.67449 17915.00747 16610.88246 20259.23426 21457.76415 13548.00890 12850.71607 10855.52279 10141.30805 24263.73816 28130.08218 28476.81022 29510.83539 6561.816394 5641.293165 3570.480939 2785.014753 1811.478365 323.6980501 281.4775464 634.2900003 32121.67844 35564.05179 36785.62965 39901.17652 41582.48826 42842.64657 43689.15101 48530.48430 51671.95021 54284.98979 62232.30462 64427.50120 74147.17219 99168.21302 118285.3116 139950.3088 182515.6152 201394.3082 303044.7899 384930.4761 456562.3442 2.217312700e+10
      sorted:	 82.55153024 82.55153024 82.55153024 82.55153024 82.55153024 281.4775464 323.6980501 634.2900003 1811.478365 2785.014753 3570.480939 5641.293165 6561.816394 10141.30805 10855.52279 12850.71607 13548.00890 16610.88246 17501.67449 17915.00747 20259.23426 21457.76415 24263.73816 28130.08218 28476.81022 29510.83539 32121.67844 35564.05179 36785.62965 39901.17652 41582.48826 42842.64657 43689.15101 48530.48430 51671.95021 54284.98979 62232.30462 64427.50120 74147.17219 99168.21302 118285.3116 139950.3088 182515.6152 201394.3082 303044.7899 384930.4761 456562.3442 2.217312700e+10
