    unsorted:	 82.51391658 82.51391658 82.51391658 82.51391658 82.51391658 17498.43600 17915.07298 16610.30834 20259.06784 21457.59852 13546.31048 12850.23546 10855.56332 10152.81960 24259.74587 28129.53371 28476.96383 29527.18798 6558.380069 5640.097244 3571.568895 2783.226787 1811.420823 323.8109284 281.4863309 634.4540856 32119.21380 35561.24055 36783.30978 39906.94430 41580.89522 42843.76274 43691.93191 48551.31314 51665.57197 54285.37420 62208.24811 64415.78230 74116.74011 99120.80205 118289.4452 139953.2758 182514.9827 201400.9956 303040.0750 384904.0738 456557.7868 2.213544972e+10
      sorted:	 82.51391658 82.51391658 82.51391658 82.51391658 82.51391658 281.4863309 323.8109284 634.4540856 1811.420823 2783.226787 3571.568895 5640.097244 6558.380069 10152.81960 10855.56332 12850.23546 13546.31048 16610.30834 17498.43600 17915.07298 20259.06784 21457.59852 24259.74587 28129.53371 28476.96383 29527.18798 32119.21380 35561.24055 36783.30978 39906.94430 41580.89522 42843.76274 43691.93191 48551.31314 51665.57197 54285.37420 62208.24811 64415.78230 74116.74011 99120.80205 118289.4452 139953.2758 182514.9827 201400.9956 303040.0750 384904.0738 456557.7868 2.213544972e+10
