    unsorted:	 42.66102320 42.66102320 42.66102320 42.66102320 42.66102320 318.5343870 30.33857340 1051.869746 3689.226209 2901.056272 2033.572997 5044.698904 6302.307086 8829.199560 11276.73135 18890.23652 26379.64978 39268.81401 50637.27976 61548.52549 76601.61561 87589.08749 101310.8279 112388.5639 118629.9006 160741.3587 289424.8745 591404.2914 793520.1156
      sorted:	 30.33857340 42.66102320 42.66102320 42.66102320 42.66102320 42.66102320 318.5343870 1051.869746 2033.572997 2901.056272 3689.226209 5044.698904 6302.307086 8829.199560 11276.73135 18890.23652 26379.64978 39268.81401 50637.27976 61548.52549 76601.61561 87589.08749 101310.8279 112388.5639 118629.9006 160741.3587 289424.8745 591404.2914 793520.1156
