    unsorted:	 246.7401105 246.7401105 246.7401105 246.7401105 246.7401105 0.4901962205 226.2022735 298.6682362 76.26777629 947.9158625 879.5952285 7759.323375 10143.91394 11723.58388 22711.92717 24389.99436 25141.47303 17374.87571 31560.19196 33934.49431 40434.14959 46702.86183 49283.46752 50415.26132 53260.42564 59582.34015 70018.87134 74439.25439 78817.21787 86770.76348 93271.37832 98492.95884 100601.6474 112597.6150 121661.5722 135948.8927 144010.2400 146711.8621 150975.2587 168778.6166 858004.2993 26483658.53
      sorted:	 0.4901962205 76.26777629 226.2022735 246.7401105 246.7401105 246.7401105 246.7401105 246.7401105 298.6682362 879.5952285 947.9158625 7759.323375 10143.91394 11723.58388 17374.87571 22711.92717 24389.99436 25141.47303 31560.19196 33934.49431 40434.14959 46702.86183 49283.46752 50415.26132 53260.42564 59582.34015 70018.87134 74439.25439 78817.21787 86770.76348 93271.37832 98492.95884 100601.6474 112597.6150 121661.5722 135948.8927 144010.2400 146711.8621 150975.2587 168778.6166 858004.2993 26483658.53
