    unsorted:	 246.7401105 246.7401105 246.7401105 246.7401105 246.7401105 0.7180179081 236.7889668 295.1824633 84.52984158 1058.938388 1198.812633 6420.172278 9964.234096 12746.83498 20950.34952 22653.92265 23636.36671 17584.80436 25043.60593 29959.39972 32360.73345 35428.40636 40076.71180 43018.75552 48164.38350 53395.60228 53912.04082 64833.66048 67865.18006 71553.62623 76713.26001 85338.38961 89105.08808 94806.57738 99715.67442 101512.5393 119980.6720 115824.2352 129127.4926 139888.9682 147447.6622 150110.1809 166276.8677 175519.1273 1013044.279 36366742.32
      sorted:	 0.7180179081 84.52984158 236.7889668 246.7401105 246.7401105 246.7401105 246.7401105 246.7401105 295.1824633 1058.938388 1198.812633 6420.172278 9964.234096 12746.83498 17584.80436 20950.34952 22653.92265 23636.36671 25043.60593 29959.39972 32360.73345 35428.40636 40076.71180 43018.75552 48164.38350 53395.60228 53912.04082 64833.66048 67865.18006 71553.62623 76713.26001 85338.38961 89105.08808 94806.57738 99715.67442 101512.5393 115824.2352 119980.6720 129127.4926 139888.9682 147447.6622 150110.1809 166276.8677 175519.1273 1013044.279 36366742.32
