    unsorted:	 36.38126114 36.38126114 36.38126114 36.38126114 36.38126114 25.77235122 441.9010488 13548.24856 12383.52384 17128.66156 17603.57916 4691.657076 2582.877514 24995.31093 34174.57063 40669.51263 39135.58831 43250.10555 45955.92026 53873.64999 59035.98903 62298.66694 69694.16372 71619.90465 79151.19056 84048.41723 87438.95037 97677.27412 115009.3742 126753.7563 133210.1698 140346.6074 143692.7203 155525.1035 156523.9098 188172.4623 205385.8352 238356.8254 323092.2084 359403.7496 422836.5866 539103.3162 584140.0172 1150544.578 1923914.057 74270840.23
      sorted:	 25.77235122 36.38126114 36.38126114 36.38126114 36.38126114 36.38126114 441.9010488 2582.877514 4691.657076 12383.52384 13548.24856 17128.66156 17603.57916 24995.31093 34174.57063 39135.58831 40669.51263 43250.10555 45955.92026 53873.64999 59035.98903 62298.66694 69694.16372 71619.90465 79151.19056 84048.41723 87438.95037 97677.27412 115009.3742 126753.7563 133210.1698 140346.6074 143692.7203 155525.1035 156523.9098 188172.4623 205385.8352 238356.8254 323092.2084 359403.7496 422836.5866 539103.3162 584140.0172 1150544.578 1923914.057 74270840.23
