    unsorted:	 83.50845492 83.50845492 83.50845492 83.50845492 83.50845492 33037.52135 32556.88868 33807.15556 31707.24039 30510.43758 28995.95754 29563.14523 35788.69848 36240.03486 26503.60528 24973.74879 40104.41591 40586.51825 41355.88954 42847.19953 21892.07965 17825.10418 18046.43509 14033.40910 12709.75326 11676.13140 68.08664242 34.21131440 1249.299775 1568.989319 389.6704533 2836.536725 7818.787280 5662.198078 49564.23059 55357.04167 63415.34018 75166.91208 80512.80391 100608.1630 121214.7278 130463.7362 142943.8048 163369.7049 270371.4597 379669.8286 511340.3012 4.987697574e+11
      sorted:	 34.21131440 68.08664242 83.50845492 83.50845492 83.50845492 83.50845492 83.50845492 389.6704533 1249.299775 1568.989319 2836.536725 5662.198078 7818.787280 11676.13140 12709.75326 14033.40910 17825.10418 18046.43509 21892.07965 24973.74879 26503.60528 28995.95754 29563.14523 30510.43758 31707.24039 32556.88868 33037.52135 33807.15556 35788.69848 36240.03486 40104.41591 40586.51825 41355.88954 42847.19953 49564.23059 55357.04167 63415.34018 75166.91208 80512.80391 100608.1630 121214.7278 130463.7362 142943.8048 163369.7049 270371.4597 379669.8286 511340.3012 4.987697574e+11
