    unsorted:	 83.45601103 83.45601103 83.45601103 83.45601103 83.45601103 33041.59873 32559.84494 33796.15151 31690.65197 30510.12266 28995.88285 29564.33569 35795.90813 36259.21046 26500.32710 24979.48727 40099.51718 40576.55725 41362.95455 42845.59195 21892.52114 17825.55728 18049.68875 14043.30868 12714.16773 11682.70392 68.09250133 34.00325552 1248.992323 1568.074570 389.6442037 2836.709595 7819.933056 5666.051656 49581.12991 55348.71106 63425.40827 75119.72263 80487.73738 100613.3786 121396.0815 130470.3388 142957.4086 163396.8098 270266.3547 379597.2136 511458.9240 4.987695980e+11
      sorted:	 34.00325552 68.09250133 83.45601103 83.45601103 83.45601103 83.45601103 83.45601103 389.6442037 1248.992323 1568.074570 2836.709595 5666.051656 7819.933056 11682.70392 12714.16773 14043.30868 17825.55728 18049.68875 21892.52114 24979.48727 26500.32710 28995.88285 29564.33569 30510.12266 31690.65197 32559.84494 33041.59873 33796.15151 35795.90813 36259.21046 40099.51718 40576.55725 41362.95455 42845.59195 49581.12991 55348.71106 63425.40827 75119.72263 80487.73738 100613.3786 121396.0815 130470.3388 142957.4086 163396.8098 270266.3547 379597.2136 511458.9240 4.987695980e+11
