EwEVersion,"6.6.5.17207 (compiled 12/14/2020)"
Date,"3/7/2022 6:50:49 PM"
ModelName,"NWACS AM 7ages base run"
EcosimScenario,base_run1
TimeSeries,"copyUpdated NWACS MICE 5 v2-1-6-Time series grid"
StartYear,1985

Data,"Prey of anchovies"

timestep\group,benthos,zooplankton,phytoplankton,Detritus,
1,0.1015675,0.6849713,0.1534131,0.06004816
2,0.1022248,0.6845803,0.1531297,0.06006513
3,0.1027432,0.683723,0.153444,0.0600898
4,0.1030909,0.6827788,0.1540019,0.06012839
5,0.1032804,0.681947,0.1545978,0.06017477
6,0.1033434,0.6813086,0.1551267,0.06022123
7,0.1033164,0.6808741,0.1555472,0.0602622
8,0.1032323,0.680618,0.155855,0.06029481
9,0.1031169,0.6805011,0.1560637,0.06031835
10,0.102989,0.6804837,0.1561939,0.06033349
11,0.1028606,0.6805316,0.1562662,0.06034156
12,0.1070022,0.6876122,0.1446852,0.06070049
13,0.1122522,0.6852803,0.1416425,0.06082491
14,0.1169724,0.6789523,0.1430785,0.06099678
15,0.1206286,0.6711231,0.1469575,0.06129066
16,0.123,0.663478,0.1518388,0.06168332
17,0.1241311,0.6570464,0.1567047,0.06211778
18,0.1242465,0.6522931,0.1609237,0.06253682
19,0.1236466,0.6492457,0.1642084,0.06289916
20,0.1226235,0.6476595,0.1665327,0.06318437
21,0.1214112,0.6471726,0.1680265,0.06338971
22,0.1201724,0.6474198,0.1688837,0.06352406
23,0.1190044,0.6480948,0.1692991,0.06360169
24,0.1052994,0.6314025,0.2007136,0.06258458
25,0.0931081,0.6468687,0.1978578,0.0621655
26,0.0861909,0.6657974,0.1865581,0.06145351
27,0.08273781,0.6813259,0.1753073,0.06062901
28,0.08141597,0.6924736,0.166262,0.05984848
29,0.08136673,0.6998662,0.1595818,0.0591852
30,0.08204445,0.7044178,0.1548791,0.0586586
31,0.08310083,0.7069544,0.1516838,0.05826084
32,0.08431467,0.7081311,0.1495814,0.0579728
33,0.08554933,0.7084348,0.1482432,0.05777263
34,0.08672526,0.7082112,0.1474236,0.05764004
35,0.08780115,0.7076949,0.146946,0.05755795
36,0.08916675,0.7078727,0.1454088,0.05755162
37,0.09048203,0.7069153,0.1450543,0.05754836
38,0.09158908,0.7055834,0.1452571,0.05757036
39,0.09247866,0.7041987,0.1457045,0.05761806
40,0.09317305,0.7029212,0.1462219,0.05768398
41,0.09370661,0.701812,0.1467213,0.05776015
42,0.09411456,0.7008787,0.1471663,0.05784051
43,0.0944275,0.7001031,0.1475483,0.05792106
44,0.09466963,0.6994586,0.1478723,0.05799952
45,0.09485889,0.6989184,0.148148,0.05807475
46,0.095008,0.6984599,0.1483858,0.05814627
47,0.09512569,0.6980657,0.1485946,0.05821402
48,0.09735955,0.7016681,0.1425061,0.05846619
49,0.09999517,0.7001546,0.1412554,0.05859476
50,0.1021909,0.6967074,0.1423535,0.05874814
51,0.1037713,0.692733,0.1445389,0.05895666
52,0.1047276,0.6890458,0.1470257,0.05920087
53,0.1051481,0.6860436,0.1493581,0.05945031
54,0.1051623,0.6838436,0.1513145,0.05967972
55,0.1049021,0.6823949,0.1528291,0.05987391
56,0.1044797,0.6815658,0.1539274,0.06002718
57,0.1039799,0.6812017,0.1546777,0.06014067
58,0.1034607,0.6811599,0.1551602,0.06021936
59,0.1029579,0.6813233,0.155449,0.06026975
60,0.1028539,0.6822063,0.1546098,0.06032997
61,0.1028467,0.6822895,0.1545087,0.06035517
62,0.1027955,0.6820943,0.1547343,0.06037594
63,0.1026812,0.6818388,0.1550813,0.06039875
64,0.1025096,0.6816339,0.1554345,0.06042201
65,0.1022971,0.6815225,0.1557379,0.06044257
66,0.1020618,0.6815089,0.1559712,0.06045801
67,0.1018191,0.6815792,0.1561345,0.06046718
68,0.1015802,0.6817129,0.1562368,0.06046996
69,0.1013528,0.6818899,0.1562905,0.06046685
70,0.1011407,0.6820933,0.1563073,0.06045867
71,0.1009455,0.6823106,0.1562976,0.06044632
72,0.09436938,0.6715066,0.174289,0.05983498
73,0.08795399,0.6778701,0.1746094,0.05956648
74,0.08392655,0.6875957,0.1692798,0.05919806
75,0.08176749,0.6964427,0.1630368,0.05875302
76,0.08088844,0.7032291,0.1575731,0.05830944
77,0.08082642,0.7079493,0.1533056,0.05791861
78,0.08125103,0.7109706,0.1501762,0.057602
79,0.08193591,0.7127209,0.1479812,0.05736192
80,0.08273128,0.7135789,0.146499,0.0571908
81,0.08354199,0.7138446,0.1455361,0.05707727
82,0.08431132,0.7137399,0.1449391,0.05700954
83,0.08500911,0.7134205,0.1445932,0.05697716
84,0.09329431,0.7292764,0.1197295,0.05769983
85,0.1044119,0.7275102,0.1101556,0.05792229
86,0.1160397,0.7169473,0.1088543,0.05815868
87,0.1271095,0.701124,0.1131431,0.05862337
88,0.1365337,0.6827293,0.1213727,0.05936442
89,0.1434003,0.664187,0.1320706,0.0603421
90,0.1472386,0.6476441,0.1436566,0.06146058
91,0.1481658,0.6346607,0.1545792,0.06259422
92,0.1467908,0.6259266,0.1636613,0.06362131
93,0.1439411,0.6212527,0.1703497,0.0644564
94,0.1403914,0.619849,0.1746941,0.06506556
95,0.1367154,0.6207002,0.1771238,0.06546067
96,0.1154731,0.6024404,0.2177608,0.06432569
97,0.098034,0.6263959,0.2116724,0.06389759
98,0.08858461,0.6522145,0.1962263,0.06297452
99,0.08383816,0.6722152,0.1820211,0.06192551
100,0.08181363,0.686132,0.1710933,0.06096115
101,0.08135912,0.6952187,0.1632617,0.06016041
102,0.08178728,0.7008041,0.1578737,0.0595349
103,0.08267706,0.7039744,0.1542818,0.05906666
104,0.08376834,0.7055477,0.1519563,0.05872761
105,0.08490352,0.7061127,0.1504948,0.05848888
106,0.08599204,0.7060786,0.1496044,0.05832495
107,0.08698758,0.7057179,0.1490794,0.05821516
108,0.08623967,0.7017672,0.1540149,0.05797821
109,0.08522435,0.7023828,0.1545243,0.05786856
110,0.08459961,0.7043678,0.1532755,0.05775709
111,0.08438418,0.706484,0.1515035,0.05762822
112,0.08449993,0.7082038,0.1497975,0.05749882
113,0.08484775,0.7093764,0.1483897,0.05738605
114,0.08533743,0.7100304,0.1473325,0.05729957
115,0.08589709,0.7102641,0.1465968,0.05724192
116,0.08647436,0.7101908,0.1461237,0.05721113
117,0.08703424,0.7099125,0.1458502,0.05720315
118,0.08755571,0.7095096,0.1457213,0.05721338
119,0.08802826,0.7090409,0.1456931,0.05723771
120,0.0897641,0.7112643,0.141573,0.05739872
121,0.09167051,0.7100558,0.1407861,0.05748771
122,0.0932322,0.7076097,0.1415594,0.0575987
123,0.09437325,0.7048639,0.1430132,0.05774959
124,0.09511623,0.7023225,0.1446345,0.05792683
125,0.09553085,0.7002099,0.1461486,0.05811064
126,0.0956996,0.6985829,0.1474329,0.05828457
127,0.09569816,0.6974097,0.1484544,0.05843781
128,0.09558726,0.6966198,0.1492279,0.05856499
129,0.09541192,0.6961336,0.1497895,0.05866498
130,0.09520347,0.6958761,0.150181,0.0587395
131,0.09498248,0.6957838,0.1504419,0.0587918
132,0.0965791,0.6991869,0.1452384,0.05899563
133,0.09849491,0.6982313,0.1441925,0.05908125
134,0.1000246,0.6956723,0.1451215,0.05918151
135,0.1010425,0.6927102,0.1469241,0.05932315
136,0.1015614,0.6900147,0.1489332,0.05949061
137,0.1016676,0.6878936,0.1507791,0.05965974
138,0.1014733,0.6864211,0.1522942,0.05981134
139,0.1010865,0.6855399,0.1534391,0.05993457
140,0.1005953,0.6851341,0.1542445,0.06002603
141,0.1000644,0.6850759,0.1547723,0.06008747
142,0.0995364,0.6852506,0.1550897,0.06012324
143,0.09903669,0.685567,0.1552577,0.06013872
144,0.1012777,0.6906902,0.1476433,0.06038884
145,0.1040949,0.6895086,0.1459177,0.06047878
146,0.1064311,0.6858655,0.1471078,0.06059564
147,0.1080412,0.6814789,0.1496982,0.06078161
148,0.1088926,0.677385,0.1527072,0.06101528
149,0.1090869,0.6741165,0.1555372,0.06125933
150,0.1087886,0.6718462,0.1578836,0.06148174
151,0.1081703,0.670517,0.1596497,0.06166299
152,0.1073802,0.6699567,0.1608672,0.06179585
153,0.1065292,0.6699578,0.161631,0.0618821
154,0.1056909,0.6703274,0.1620532,0.06192854
155,0.1049084,0.6709101,0.1622376,0.06194382
156,0.09668884,0.6591619,0.1829274,0.06122182
157,0.08891965,0.6675672,0.1826297,0.06088343
158,0.08412704,0.6795532,0.175918,0.06040169
159,0.08156915,0.6902122,0.1683903,0.05982834
160,0.08050489,0.698306,0.1619276,0.05926149
161,0.08038199,0.7039264,0.1569313,0.05876023
162,0.08081854,0.707552,0.1532823,0.0583471
163,0.08155805,0.7097031,0.1507163,0.05802254
164,0.08243251,0.7108286,0.1489627,0.05777619
165,0.08333579,0.7112788,0.1477914,0.05759395
166,0.08420479,0.7113106,0.147023,0.05746168
167,0.08500551,0.7111028,0.1465247,0.057367
168,0.08798978,0.7156748,0.1388083,0.05752723
169,0.09135856,0.7142043,0.1368711,0.05756608
170,0.09421315,0.7103891,0.137751,0.05764678
171,0.09636015,0.705865,0.1399713,0.05780359
172,0.09778421,0.7015843,0.1426162,0.05801527
173,0.09857981,0.6980221,0.1451502,0.05824786
174,0.09889171,0.6953281,0.1473076,0.05847263
175,0.09887026,0.6934546,0.1490035,0.05867174
176,0.0986453,0.6922573,0.1502598,0.05883756
177,0.09831572,0.6915656,0.1511488,0.05896982
178,0.09794954,0.6912212,0.1517569,0.05907233
179,0.0975889,0.6910969,0.1521638,0.05915039
180,0.09766569,0.6918389,0.1512495,0.05924601
181,0.09783844,0.6916358,0.1512207,0.05930503
182,0.09794624,0.6911102,0.151583,0.0593606
183,0.09796835,0.6905232,0.1520894,0.05941907
184,0.09791306,0.6900079,0.1526013,0.05947771
185,0.09780058,0.6896163,0.1530509,0.05953231
186,0.09765314,0.6893532,0.1534137,0.05957992
187,0.09748996,0.6892012,0.1536897,0.05961915
188,0.09732563,0.6891345,0.1538899,0.05965
189,0.09716988,0.6891273,0.1540296,0.05967321
190,0.0970285,0.689158,0.1541236,0.05968999
191,0.09690443,0.689209,0.1541848,0.05970167
192,0.09513651,0.6862358,0.1590751,0.05955271
193,0.09323815,0.6875736,0.1596967,0.05949156
194,0.09186011,0.6901967,0.1585436,0.05939967
195,0.09100674,0.692908,0.1568152,0.05926995
196,0.09058166,0.6951897,0.1551039,0.05912465
197,0.09046832,0.6968936,0.1536533,0.05898476
198,0.09056214,0.6980486,0.1525264,0.05886291
199,0.09078048,0.6987533,0.1517021,0.05876414
200,0.09106304,0.6991211,0.1511274,0.05868847
201,0.09136879,0.6992548,0.1507433,0.05863319
202,0.09167169,0.699237,0.1504966,0.05859458
203,0.0919568,0.6991294,0.1503449,0.0585689
204,0.09282673,0.7001622,0.1483996,0.05861142
205,0.09376103,0.6996027,0.1480104,0.05862581
206,0.09451575,0.6984934,0.1483371,0.05865392
207,0.09506119,0.6972819,0.1489565,0.05870037
208,0.0954146,0.6961998,0.1496286,0.05875704
209,0.09561332,0.6953403,0.1502317,0.05881459
210,0.0956989,0.6947166,0.150718,0.05886642
211,0.09570866,0.694301,0.1510813,0.05890909
212,0.09567222,0.6940503,0.1513358,0.05894174
213,0.09561123,0.6939203,0.1515034,0.05896504
214,0.09554033,0.6938728,0.1516065,0.05898046
215,0.09546863,0.6938775,0.1516642,0.05898966
216,0.09694671,0.696766,0.1471505,0.05913677
217,0.09870221,0.6958716,0.1462311,0.05919501
218,0.1001204,0.6935873,0.1470197,0.05927265
219,0.1010925,0.6909588,0.148559,0.05938972
220,0.1016313,0.6885672,0.1502704,0.0595311
221,0.1018125,0.686676,0.1518361,0.05967528
222,0.1017336,0.685346,0.1531149,0.0598055
223,0.1014877,0.6845241,0.1540757,0.05991243
224,0.101151,0.6841081,0.1547477,0.05999321
225,0.1007789,0.6839864,0.1551854,0.0600493
226,0.1004081,0.6840599,0.1554476,0.06008435
227,0.1000604,0.6842501,0.1555866,0.06010284
228,0.094732,0.6757156,0.1699104,0.05964196
229,0.08941633,0.6805553,0.1705906,0.05943772
230,0.08593878,0.6883945,0.1665241,0.05914257
231,0.08399392,0.6957693,0.1614684,0.05876837
232,0.08314727,0.7015702,0.1569009,0.05838159
233,0.08302759,0.7056889,0.1532535,0.05803001
234,0.08335698,0.708375,0.150532,0.05773602
235,0.0839391,0.7099631,0.1485931,0.05750459
236,0.0846411,0.7107657,0.1472621,0.05733109
237,0.08537701,0.7110374,0.1463789,0.05720676
238,0.08609452,0.7109704,0.1458132,0.05712195
239,0.0867647,0.7107016,0.1454659,0.05706776
240,0.0958943,0.727868,0.1184108,0.05782701
241,0.1083999,0.7260273,0.1075221,0.05805085
242,0.1218664,0.7144451,0.1053982,0.05829037
243,0.135161,0.6966609,0.1093939,0.05878425
244,0.1469754,0.6753795,0.1180463,0.0595987
245,0.1560149,0.6532227,0.1300534,0.0607091
246,0.1613777,0.6328091,0.1437894,0.06202384
247,0.1629063,0.6163609,0.1573316,0.06340111
248,0.161229,0.6051517,0.1689356,0.06468388
249,0.1574407,0.5992376,0.1775739,0.06574777
250,0.1526549,0.5977085,0.1831052,0.06653143
251,0.1477384,0.5991586,0.186056,0.0670471
252,0.1008006,0.5586389,0.2765089,0.06405162
253,0.07516555,0.6251346,0.2369482,0.0627517
254,0.06610019,0.6694123,0.2037833,0.06070425
255,0.06307278,0.6969901,0.1809285,0.05900853
256,0.06282232,0.7138596,0.1656364,0.05768177
257,0.06393865,0.7238998,0.1554862,0.05667532
258,0.06571189,0.7295883,0.1487715,0.0559283
259,0.06775105,0.732521,0.1443447,0.05538329
260,0.06983223,0.7337367,0.1414392,0.05499184
261,0.07182875,0.7339129,0.1395429,0.0547156
262,0.07367418,0.733486,0.1383144,0.05452544
263,0.07534011,0.7327313,0.1375286,0.05440002
264,0.08524818,0.752892,0.1066998,0.05515995
265,0.09880217,0.7527277,0.09316929,0.05530064
266,0.1139303,0.7419539,0.08868434,0.05543148
267,0.1298534,0.7239181,0.09039973,0.05582878
268,0.1454577,0.7008479,0.0970973,0.05659707
269,0.1592788,0.6748931,0.1080732,0.05775482
270,0.1697464,0.6485795,0.1224212,0.05925274
271,0.1756891,0.6247572,0.1385845,0.06096926
272,0.1768528,0.6060228,0.1544059,0.06271842
273,0.174003,0.5939531,0.1677575,0.06428643
274,0.1685683,0.58856,0.177356,0.06551558
275,0.1621086,0.5883516,0.1831611,0.06637875
276,0.1399646,0.5774325,0.2166394,0.06596345
277,0.1207165,0.5990769,0.2142226,0.06598397
278,0.1090236,0.6238315,0.2017513,0.06539352
279,0.1023623,0.6439652,0.1891373,0.06453515
280,0.09883936,0.6584544,0.1790314,0.06367484
281,0.09722944,0.6681593,0.1716779,0.06293331
282,0.09675152,0.6742686,0.1666351,0.06234477
283,0.09690622,0.6778497,0.1633421,0.06190196
284,0.09737707,0.679747,0.1612945,0.0615814
285,0.09796992,0.6805851,0.1600889,0.061356
286,0.09857308,0.6808027,0.1594234,0.06120083
287,0.09912868,0.6806936,0.1590827,0.06109491
288,0.09928372,0.679865,0.1598599,0.0609914
289,0.09931501,0.6798238,0.1599331,0.06092808
290,0.0993688,0.6800701,0.1596871,0.06087409
291,0.09947441,0.6803791,0.1593231,0.06082331
292,0.09963311,0.6806346,0.1589554,0.06077699
293,0.09983151,0.6807966,0.1586357,0.06073635
294,0.1000515,0.6808698,0.1583776,0.06070113
295,0.1002766,0.6808779,0.1581753,0.06067015
296,0.1004949,0.6808466,0.1580162,0.06064216
297,0.1006995,0.6807963,0.1578878,0.0606163
298,0.1008875,0.6807402,0.1577802,0.06059209
299,0.101058,0.6806862,0.1576866,0.06056926
300,0.09036803,0.6618359,0.1882592,0.05953691
301,0.08087218,0.674127,0.1859323,0.05906861
302,0.07575702,0.6899768,0.1758465,0.0584198
303,0.07348561,0.7030826,0.1657273,0.05770453
304,0.07294611,0.7124761,0.1575413,0.0570364
305,0.07342491,0.7186596,0.1514452,0.05647024
306,0.07446975,0.7224095,0.1471007,0.05601991
307,0.0757933,0.7244321,0.1440962,0.05567837
308,0.07721449,0.7252848,0.1420706,0.05543017
309,0.07862274,0.7253787,0.1407403,0.05525822
310,0.07995481,0.7250034,0.1398949,0.05514697
311,0.08117899,0.7243537,0.1393837,0.05508353
312,0.09208496,0.7454829,0.1064837,0.05594859
313,0.1075123,0.7448149,0.09153752,0.05613529
314,0.1253571,0.7324592,0.08590306,0.05628067
315,0.1449188,0.711692,0.08671509,0.0566741
316,0.1650016,0.6846309,0.092939,0.05742841
317,0.1837438,0.6534245,0.1042498,0.05858194
318,0.198776,0.6208951,0.1202056,0.0601234
319,0.2078744,0.590696,0.1394608,0.06196886
320,0.2098413,0.5669314,0.1593271,0.06390016
321,0.2057521,0.551811,0.1766872,0.0657498
322,0.1979436,0.5453389,0.1893902,0.0673273
323,0.1887879,0.5456594,0.1970381,0.06851467
324,0.1246075,0.5109503,0.2983407,0.06610141
325,0.08993535,0.5924003,0.2521082,0.06555616
326,0.0773517,0.6453219,0.2139794,0.06334705
327,0.07253164,0.6775482,0.1884936,0.06142659
328,0.07127178,0.6970123,0.1718003,0.05991554
329,0.07178577,0.7084914,0.1609449,0.05877787
330,0.07318027,0.7149435,0.1539313,0.05794498
331,0.07496408,0.7182473,0.1494408,0.05734776
332,0.07685594,0.7196167,0.1466003,0.05692707
333,0.07869624,0.7198396,0.1448285,0.05663562
334,0.08040044,0.7194229,0.1437395,0.05643722
335,0.08193125,0.7186834,0.1430801,0.05630517
336,0.09070592,0.734291,0.1180727,0.05693051
337,0.1023017,0.7322952,0.1083168,0.0570863
338,0.1144756,0.7214414,0.1068034,0.05727964
339,0.1261888,0.7052065,0.1108813,0.05772344
340,0.1363449,0.686237,0.1189529,0.05846516
341,0.1439769,0.6669582,0.1296013,0.0594637
342,0.148526,0.6495792,0.1412751,0.06061976
343,0.1500269,0.6357717,0.1523996,0.06180186
344,0.1490511,0.6263359,0.1617316,0.0628814
345,0.1464419,0.6211412,0.1686495,0.06376738
346,0.1430214,0.6193902,0.1731651,0.06442326
347,0.1394142,0.6200186,0.1757064,0.06486074
348,0.1282765,0.6135255,0.1936021,0.06459598
349,0.1176556,0.6237744,0.1940066,0.06456339
350,0.1103839,0.6372948,0.1880561,0.06426519
351,0.1058556,0.6494119,0.1809427,0.06378988
352,0.1032792,0.658761,0.1746875,0.06327233
353,0.1020011,0.6653609,0.1698408,0.0627972
354,0.1015398,0.6696985,0.1663604,0.06240131
355,0.1015575,0.6723475,0.1640034,0.06209164
356,0.1018266,0.6738228,0.1624905,0.06186002
357,0.1022015,0.6745355,0.1615708,0.06169225
358,0.102595,0.6747885,0.1610432,0.06157324
359,0.1029608,0.6747911,0.1607585,0.06148955
360,0.09260607,0.6565989,0.1903595,0.0604355
361,0.08318786,0.6686355,0.1882171,0.05995945
362,0.07801271,0.6844584,0.1782326,0.05929631
363,0.07566323,0.6976655,0.1681116,0.0585596
364,0.07505982,0.7071885,0.1598834,0.05786824
365,0.07549354,0.7134833,0.1537427,0.05728054
366,0.07650881,0.7173122,0.149367,0.05681202
367,0.07781389,0.7193812,0.1463486,0.05645635
368,0.07922369,0.7202539,0.1443245,0.0561979
369,0.08062431,0.7203506,0.1430063,0.05601871
370,0.08195005,0.7199697,0.1421781,0.05590204
371,0.08316775,0.7193134,0.1416848,0.05583397
372,0.0913861,0.7340356,0.1181224,0.05645591
373,0.1022204,0.731956,0.1091873,0.05663627
374,0.1134417,0.7215374,0.108157,0.05686389
375,0.1240465,0.7062072,0.1124066,0.05733965
376,0.1330554,0.6885474,0.1202941,0.05810307
377,0.1396822,0.67083,0.1303809,0.05910688
378,0.1435419,0.6550182,0.1411917,0.06024813
379,0.1447493,0.6425216,0.1513329,0.06139611
380,0.1438279,0.6339766,0.1597684,0.06242718
381,0.141492,0.6292398,0.1660108,0.06325749
382,0.1384306,0.6276107,0.1701008,0.06385794
383,0.1351761,0.6281571,0.1724211,0.06424574
384,0.1314982,0.6293428,0.1747334,0.06442554
385,0.1280885,0.6322271,0.1751698,0.06451454
386,0.1252373,0.6355501,0.1746918,0.06452081
387,0.1229523,0.6387014,0.1738705,0.06447574
388,0.1211621,0.6413977,0.1730317,0.06440844
389,0.1197687,0.6435638,0.1723291,0.06433852
390,0.1186761,0.6452376,0.1718101,0.06427628
391,0.1178023,0.6465079,0.1714645,0.06422535
392,0.1170833,0.6474758,0.1712558,0.06418502
393,0.1164721,0.6482358,0.1711397,0.06415246
394,0.1159369,0.6488621,0.1710766,0.06412441
395,0.1154578,0.6494074,0.1710365,0.06409822
396,0.1072844,0.6386868,0.190622,0.06340677
