EwEVersion,"6.6.5.17207 (compiled 12/14/2020)"
Date,"3/7/2022 6:50:49 PM"
ModelName,"NWACS AM 7ages base run"
EcosimScenario,base_run1
TimeSeries,"copyUpdated NWACS MICE 5 v2-1-6-Time series grid"
StartYear,1985

Data,"Prey of menhaden 4"

timestep\group,zooplankton,phytoplankton,Detritus,
1,0.661429,0.1753184,0.1632525
2,0.6614844,0.1751094,0.1634062
3,0.6609207,0.1755395,0.1635398
4,0.6601186,0.1762079,0.1636735
5,0.6593105,0.1768893,0.1638002
6,0.6586164,0.1774745,0.1639092
7,0.6580811,0.1779253,0.1639937
8,0.6577048,0.1782432,0.164052
9,0.6574655,0.1784484,0.1640862
10,0.6573331,0.1785666,0.1641003
11,0.6572785,0.1786227,0.1640987
12,0.6677347,0.1662874,0.1659779
13,0.6690911,0.163679,0.1672298
14,0.6655968,0.166012,0.1683912
15,0.6594685,0.170919,0.1696125
16,0.6524317,0.176731,0.1708373
17,0.6457433,0.1822985,0.1719582
18,0.640164,0.1869483,0.1728878
19,0.6359975,0.1904192,0.1735833
20,0.6332095,0.1927453,0.1740452
21,0.6315724,0.1941238,0.1743038
22,0.6307918,0.1948048,0.1744034
23,0.630587,0.195023,0.17439
24,0.6039751,0.2273123,0.1687126
25,0.6123786,0.2217658,0.1658556
26,0.6281912,0.2084014,0.1634073
27,0.6429169,0.1958537,0.1612294
28,0.6545305,0.186056,0.1594134
29,0.6630219,0.1789821,0.157996
30,0.6689287,0.1741176,0.1569537
31,0.672862,0.1709069,0.1562311
32,0.6753605,0.1688765,0.1557631
33,0.676855,0.1676574,0.1554875
34,0.6776717,0.166977,0.1553512
35,0.678046,0.1666418,0.1553121
36,0.6793138,0.1651574,0.1555288
37,0.6793165,0.1649703,0.1557132
38,0.6787266,0.1653607,0.1559127
39,0.6778834,0.1659811,0.1561355
40,0.6769856,0.1666432,0.1563713
41,0.6761349,0.167257,0.1566081
42,0.6753736,0.167789,0.1568374
43,0.6747102,0.1682358,0.157054
44,0.6741369,0.1686071,0.157256
45,0.67364,0.168917,0.157443
46,0.6732053,0.1691793,0.1576154
47,0.6728207,0.1694052,0.1577741
48,0.6782033,0.1629134,0.1588832
49,0.6784843,0.1618915,0.1596242
50,0.6762834,0.1634191,0.1602976
51,0.6729609,0.1660552,0.1609838
52,0.669425,0.1689205,0.1616545
53,0.6662169,0.1715231,0.16226
54,0.663594,0.1736415,0.1627644
55,0.6616186,0.1752284,0.1631529
56,0.6602378,0.1763339,0.1634283
57,0.6593456,0.1770493,0.1636051
58,0.6588244,0.1774733,0.1637023
59,0.6585674,0.1776932,0.1637394
60,0.6593786,0.1767246,0.1638969
61,0.6594317,0.1766042,0.1639641
62,0.6591537,0.1768412,0.164005
63,0.6587598,0.1772019,0.1640383
64,0.6583763,0.1775596,0.164064
65,0.6580656,0.1778557,0.1640787
66,0.6578484,0.1780717,0.1640799
67,0.6577224,0.1782105,0.1640671
68,0.6576741,0.1782844,0.1640415
69,0.6576869,0.1783081,0.1640051
70,0.6577448,0.1782952,0.16396
71,0.6578344,0.1782571,0.1639085
72,0.6419904,0.1971131,0.1608965
73,0.6443877,0.196351,0.1592613
74,0.652165,0.1899248,0.1579102
75,0.6604419,0.1828799,0.1566782
76,0.6674858,0.1769008,0.1556134
77,0.6729056,0.1723368,0.1547576
78,0.6768197,0.169064,0.1541163
79,0.6795053,0.1668263,0.1536684
80,0.6812554,0.1653636,0.1533809
81,0.6823265,0.1644548,0.1532187
82,0.6829229,0.1639275,0.1531497
83,0.6831976,0.1636547,0.1531477
84,0.7061882,0.1370171,0.1567947
85,0.7130844,0.127599,0.1593166
86,0.7106774,0.1275249,0.1617976
87,0.7015224,0.1338102,0.1646674
88,0.6875923,0.1445058,0.167902
89,0.6709813,0.1577552,0.1712635
90,0.6540037,0.1715558,0.1744405
91,0.6388132,0.1840328,0.177154
92,0.6268693,0.1939022,0.1792285
93,0.6186684,0.2007148,0.1806168
94,0.6138863,0.2047326,0.1813811
95,0.6117515,0.2065993,0.1816493
96,0.5785303,0.247509,0.1739607
97,0.5926637,0.2370561,0.1702802
98,0.6142074,0.2187399,0.1670526
99,0.6328951,0.202863,0.1642419
100,0.6470492,0.1909973,0.1619534
101,0.6571273,0.1826757,0.160197
102,0.664009,0.1770749,0.1589161
103,0.6685337,0.1734407,0.1580257
104,0.6713896,0.1711732,0.1574371
105,0.6731057,0.1698236,0.1570707
106,0.6740711,0.1690681,0.1568608
107,0.6745604,0.1686824,0.1567573
108,0.6700032,0.1740625,0.1559343
109,0.6700138,0.1744856,0.1555007
110,0.6717901,0.1730422,0.1551676
111,0.6740377,0.1710962,0.1548662
112,0.6761158,0.1692748,0.1546094
113,0.6777703,0.1678117,0.154418
114,0.6789513,0.1667478,0.1543009
115,0.6797057,0.1660395,0.1542548
116,0.6801156,0.1656152,0.1542691
117,0.6802678,0.1654016,0.1543307
118,0.6802369,0.1653362,0.1544269
119,0.6800821,0.1653704,0.1545475
120,0.6836672,0.1610311,0.1553016
121,0.6837556,0.1604257,0.1558187
122,0.6822067,0.161495,0.1562982
123,0.6799572,0.1632473,0.1567954
124,0.6775888,0.1651173,0.1572939
125,0.6754231,0.1668142,0.1577627
126,0.6736047,0.1682182,0.1581772
127,0.672169,0.1693079,0.1585231
128,0.6710926,0.1701114,0.158796
129,0.6703243,0.1706766,0.1589992
130,0.6698047,0.171055,0.1591403
131,0.6694775,0.1712931,0.1592295
132,0.6741605,0.1657173,0.1601222
133,0.6745005,0.164836,0.1606635
134,0.6727832,0.1660891,0.1611277
135,0.6701851,0.1682246,0.1615901
136,0.6674649,0.1705025,0.1620326
137,0.6650521,0.1725285,0.1624194
138,0.6631352,0.1741393,0.1627256
139,0.6617453,0.1753123,0.1629425
140,0.6608265,0.1760985,0.1630749
141,0.6602865,0.1765778,0.1631356
142,0.6600285,0.1768316,0.16314
143,0.6599662,0.1769304,0.1631034
144,0.6669315,0.1687732,0.1642953
145,0.6676932,0.1672832,0.1650236
146,0.6653795,0.1689619,0.1656587
147,0.6616209,0.1720728,0.1663063
148,0.6575518,0.1755126,0.1669356
149,0.6538774,0.1786343,0.1674882
150,0.6509467,0.1811323,0.1679211
151,0.6488475,0.1829351,0.1682174
152,0.6475081,0.1841086,0.1683833
153,0.6467819,0.1847795,0.1684386
154,0.6465058,0.1850852,0.168409
155,0.6465337,0.1851467,0.1683196
156,0.6287131,0.2066253,0.1646615
157,0.6324444,0.2049026,0.162653
158,0.6421682,0.196873,0.1609588
159,0.652162,0.188426,0.159412
160,0.6605334,0.1813927,0.1580739
161,0.6669302,0.1760803,0.1569895
162,0.6715515,0.1722893,0.1561593
163,0.6747505,0.1696948,0.1555547
164,0.6768829,0.1679826,0.1551346
165,0.6782517,0.1668916,0.1548567
166,0.6790957,0.1662214,0.1546829
167,0.6795917,0.1658259,0.1545824
168,0.6866639,0.1577125,0.1556237
169,0.6876666,0.1560582,0.1562751
170,0.6856748,0.1574472,0.156878
171,0.6822649,0.1602096,0.1575255
172,0.6784884,0.1633242,0.1581873
173,0.6749807,0.1662113,0.158808
174,0.6720526,0.1686015,0.1593459
175,0.6697893,0.1704282,0.1597825
176,0.6681418,0.1717398,0.1601184
177,0.6669996,0.1726341,0.1603663
178,0.6662382,0.173218,0.1605438
179,0.6657458,0.1735862,0.160668
180,0.6665042,0.1725554,0.1609404
181,0.6663519,0.1725347,0.1611133
182,0.6658049,0.1729385,0.1612566
183,0.6651233,0.1734871,0.1613895
184,0.6644609,0.1740285,0.1615106
185,0.6638932,0.1744921,0.1616146
186,0.6634457,0.1748556,0.1616986
187,0.6631153,0.1751224,0.1617623
188,0.6628851,0.1753076,0.1618074
189,0.6627337,0.1754293,0.161837
190,0.6626408,0.1755048,0.1618544
191,0.6625885,0.1755485,0.161863
192,0.6582111,0.1807001,0.1610888
193,0.6582928,0.1810761,0.1606311
194,0.6601726,0.179597,0.1602303
195,0.6625766,0.1775885,0.1598348
196,0.6648571,0.1756765,0.1594665
197,0.6667475,0.1741014,0.1591511
198,0.6681876,0.172911,0.1589015
199,0.669215,0.172067,0.1587179
200,0.6699056,0.1715015,0.158593
201,0.6703409,0.1711437,0.1585155
202,0.6705939,0.1709321,0.1584741
203,0.6707227,0.1708185,0.1584588
204,0.6724569,0.1687945,0.1587486
205,0.6725529,0.1685103,0.1589368
206,0.6719022,0.1689867,0.1591111
207,0.6709608,0.1697489,0.1592901
208,0.6700011,0.1705356,0.1594633
209,0.6691629,0.1712202,0.1596169
210,0.6684993,0.1717582,0.1597426
211,0.6680123,0.1721499,0.1598378
212,0.6676792,0.1724162,0.1599046
213,0.6674677,0.172585,0.1599473
214,0.667346,0.1726828,0.1599712
215,0.6672866,0.1727322,0.1599811
216,0.6713825,0.1679214,0.1606962
217,0.6716971,0.1671654,0.1611375
218,0.6702229,0.1682509,0.1615263
219,0.6679882,0.1700909,0.1619209
220,0.6656526,0.1720451,0.1623024
221,0.6635852,0.173776,0.1626388
222,0.6619452,0.1751465,0.1629083
223,0.6607553,0.1761409,0.1631037
224,0.6599649,0.1768058,0.1632294
225,0.6594926,0.1772114,0.163296
226,0.6592548,0.1774286,0.1633166
227,0.6591781,0.177518,0.163304
228,0.6465144,0.1925386,0.160947
229,0.6480021,0.1923763,0.1596217
230,0.6541027,0.1873994,0.1584978
231,0.6609035,0.1816524,0.1574441
232,0.6668591,0.1766307,0.1565102
233,0.6715381,0.1727199,0.155742
234,0.674975,0.1698728,0.1551522
235,0.6773702,0.1679017,0.1547281
236,0.6789581,0.1665976,0.1544444
237,0.6799523,0.1657757,0.154272
238,0.6805277,0.1652884,0.1541839
239,0.6808177,0.1650253,0.154157
240,0.7058746,0.1359907,0.1581348
241,0.7138537,0.1251978,0.1609485
242,0.711857,0.1243665,0.1637765
243,0.7022905,0.1305995,0.16711
244,0.6868805,0.1421828,0.1709367
245,0.6676013,0.1574157,0.174983
246,0.64702,0.174121,0.1788591
247,0.6279635,0.1898469,0.1821896
248,0.6126958,0.2025805,0.1847237
249,0.6022395,0.2113744,0.186386
250,0.5963622,0.2163867,0.187251
251,0.5940113,0.2184797,0.187509
252,0.5236399,0.3069931,0.169367
253,0.5773263,0.2591909,0.1634827
254,0.6186649,0.2230733,0.1582618
255,0.6467107,0.1988402,0.1544491
256,0.665446,0.1828792,0.1516749
257,0.6778573,0.172446,0.1496967
258,0.6859994,0.1656754,0.1483252
259,0.6912665,0.1613273,0.1474063
260,0.6946067,0.1585758,0.1468176
261,0.6966648,0.1568698,0.1464654
262,0.6978762,0.1558432,0.1462807
263,0.6985303,0.1552551,0.1462146
264,0.7276169,0.1221032,0.1502798
265,0.7387412,0.1082698,0.1529891
266,0.7395784,0.1046717,0.1557499
267,0.7324659,0.1083036,0.1592306
268,0.7185488,0.1178761,0.163575
269,0.6988745,0.1325198,0.1686056
270,0.6751799,0.1509128,0.1739073
271,0.6502611,0.1708122,0.1789266
272,0.6275269,0.1893432,0.1831299
273,0.609862,0.2039936,0.1861443
274,0.5985123,0.213597,0.1878906
275,0.5928047,0.2185673,0.1886279
276,0.5660767,0.2515342,0.1823891
277,0.5766397,0.2442187,0.1791416
278,0.5956933,0.2281751,0.1761315
279,0.6132922,0.2133448,0.173363
280,0.6270334,0.201928,0.1710386
281,0.6369383,0.1938369,0.1692248
282,0.6436955,0.1884172,0.1678873
283,0.6480833,0.1849709,0.1669458
284,0.6507872,0.1829029,0.1663099
285,0.652354,0.1817493,0.1658967
286,0.6531929,0.181169,0.165638
287,0.6535962,0.1809229,0.1654809
288,0.6529253,0.1818419,0.1652329
289,0.6529683,0.1819486,0.1650831
290,0.6533281,0.1817033,0.1649686
291,0.653791,0.1813355,0.1648735
292,0.6542313,0.1809711,0.1647976
293,0.6545949,0.1806648,0.1647402
294,0.6548738,0.1804285,0.1646976
295,0.6550821,0.1802535,0.1646644
296,0.6552399,0.180124,0.1646361
297,0.6553648,0.1800255,0.1646098
298,0.6554693,0.1799465,0.1645842
299,0.6555617,0.1798794,0.1645588
300,0.628659,0.2118073,0.1595338
301,0.6353778,0.2075696,0.1570526
302,0.6490505,0.1959266,0.1550229
303,0.6619411,0.1848072,0.1532518
304,0.6721732,0.1760402,0.1517866
305,0.6797013,0.1696486,0.1506501
306,0.6849815,0.165197,0.1498215
307,0.6885385,0.1622055,0.149256
308,0.6908327,0.1602655,0.1489018
309,0.6922289,0.1590606,0.1487106
310,0.6929999,0.1583579,0.1486421
311,0.6933423,0.1579929,0.1486648
312,0.724248,0.1225033,0.1532487
313,0.7363685,0.107165,0.1564664
314,0.7377337,0.1024542,0.1598121
315,0.7305712,0.1054082,0.1640207
316,0.7156894,0.1150492,0.1692614
317,0.6936151,0.1310469,0.1753379
318,0.665637,0.1526106,0.1817525
319,0.6347425,0.1774757,0.1877818
320,0.6058042,0.2016306,0.1925651
321,0.582999,0.2210845,0.1959164
322,0.5683334,0.233765,0.1979015
323,0.5612158,0.2400226,0.1987616
324,0.4862688,0.3362867,0.1774445
325,0.5506013,0.2775306,0.1718681
326,0.5989369,0.2352224,0.1658407
327,0.6308252,0.2078575,0.1613173
328,0.6517227,0.1902581,0.1580192
329,0.6653132,0.1790033,0.1556834
330,0.6740377,0.1718802,0.154082
331,0.6795278,0.1674488,0.1530234
332,0.6828848,0.1647606,0.1523546
333,0.6848562,0.1631855,0.1519583
334,0.685946,0.1623067,0.1517473
335,0.6864881,0.1618524,0.1516595
336,0.7097036,0.1351433,0.1551531
337,0.7168622,0.1255671,0.1575707
338,0.7147046,0.1252968,0.1599986
339,0.7057189,0.131403,0.1628781
340,0.6917992,0.1420093,0.1661915
341,0.6749805,0.1553259,0.1696935
342,0.657582,0.1693687,0.1730493
343,0.6418433,0.1822086,0.1759481
344,0.6293497,0.1924617,0.1781886
345,0.6206955,0.1995928,0.1797117
346,0.6155893,0.2038288,0.1805819
347,0.613239,0.2058246,0.1809364
348,0.5985509,0.223701,0.1777481
349,0.6022962,0.2218671,0.1758367
350,0.6120204,0.2138995,0.1740802
351,0.6222495,0.2053453,0.1724051
352,0.6309152,0.1981557,0.1709291
353,0.6375283,0.1927469,0.1697248
354,0.6422378,0.1889606,0.1688016
355,0.6454059,0.1864654,0.1681287
356,0.6474239,0.1849176,0.1676584
357,0.6486374,0.1840215,0.1673412
358,0.6493215,0.1835457,0.1671328
359,0.6496798,0.183322,0.166998
360,0.6238191,0.2142121,0.1619688
361,0.6303709,0.2101725,0.1594567
362,0.6439992,0.1986246,0.1573762
363,0.6569591,0.1874965,0.1555444
364,0.6672957,0.1786842,0.1540202
365,0.6749187,0.1722488,0.1528325
366,0.6802676,0.1677696,0.1519627
367,0.6838634,0.16477,0.1513666
368,0.6861702,0.1628383,0.1509915
369,0.6875607,0.1616526,0.1507867
370,0.6883169,0.1609742,0.1507089
371,0.6886426,0.1606334,0.150724
372,0.7105188,0.1353995,0.1540817
373,0.7169454,0.126646,0.1564086
374,0.7144389,0.1268164,0.1587447
375,0.7055163,0.1329785,0.1615052
376,0.6921356,0.1431922,0.1646722
377,0.6763219,0.1556604,0.1680177
378,0.6602365,0.168533,0.1712305
379,0.645844,0.18014,0.174016
380,0.6344729,0.1893542,0.1761729
381,0.6265924,0.1957748,0.1776328
382,0.6219246,0.1996237,0.1784517
383,0.6197656,0.2014718,0.1787626
384,0.6182272,0.203286,0.1784868
385,0.6188356,0.2030662,0.1780982
386,0.620399,0.2019644,0.1776366
387,0.622225,0.200614,0.1771609
388,0.6239285,0.1993531,0.1767184
389,0.6253408,0.1983249,0.1763343
390,0.6264263,0.1975587,0.1760151
391,0.6272197,0.1970247,0.1757555
392,0.6277865,0.1966696,0.175544
393,0.6281976,0.1964357,0.1753667
394,0.6285144,0.196274,0.1752117
395,0.6287822,0.1961479,0.17507
396,0.6121609,0.2164036,0.1714355
