    unsorted:	 53.00956655 53.00956655 53.00956655 53.00956655 53.00956655 23116.17892 22631.68350 22159.83676 21214.37727 24053.42427 20275.95730 25547.64987 25962.94225 18872.39480 18381.33445 28666.65930 28204.15128 29947.68219 30515.92502 14890.07754 14309.99665 12566.91859 12078.68765 11296.85201 10942.10313 10006.01194 8029.914324 6259.815086 34368.47210 4143.504787 2931.650081 2363.337171 1405.273887 37472.06837 36957.35063 38036.68080 39452.60912 695.6738190 42323.78727 51781.97063 75159.17769 88876.31869 134671.8001 193673.3428 221697.1493 327969.2732 457828.1949 6250753.881
      sorted:	 53.00956655 53.00956655 53.00956655 53.00956655 53.00956655 695.6738190 1405.273887 2363.337171 2931.650081 4143.504787 6259.815086 8029.914324 10006.01194 10942.10313 11296.85201 12078.68765 12566.91859 14309.99665 14890.07754 18381.33445 18872.39480 20275.95730 21214.37727 22159.83676 22631.68350 23116.17892 24053.42427 25547.64987 25962.94225 28204.15128 28666.65930 29947.68219 30515.92502 34368.47210 36957.35063 37472.06837 38036.68080 39452.60912 42323.78727 51781.97063 75159.17769 88876.31869 134671.8001 193673.3428 221697.1493 327969.2732 457828.1949 6250753.881
