    unsorted:	 53.01054938 53.01054938 53.01054938 53.01054938 53.01054938 23115.78565 22631.78913 22159.49349 21213.53817 24052.12901 20275.83246 25547.52567 25962.83772 18872.24192 18381.54316 28666.48424 28203.10707 29946.04339 30514.41767 14890.10809 14310.17586 12566.69554 12078.22016 11296.90046 10942.04672 10006.02332 8029.873368 6259.260695 34362.99317 4144.162268 2931.756322 2363.198180 1405.323318 37470.87846 36954.96252 38035.65333 39446.87761 695.6762115 42323.52843 51781.71760 75159.52807 88878.79898 134676.5154 193680.0773 221699.3226 328003.5793 457831.8014 6250758.193
      sorted:	 53.01054938 53.01054938 53.01054938 53.01054938 53.01054938 695.6762115 1405.323318 2363.198180 2931.756322 4144.162268 6259.260695 8029.873368 10006.02332 10942.04672 11296.90046 12078.22016 12566.69554 14310.17586 14890.10809 18381.54316 18872.24192 20275.83246 21213.53817 22159.49349 22631.78913 23115.78565 24052.12901 25547.52567 25962.83772 28203.10707 28666.48424 29946.04339 30514.41767 34362.99317 36954.96252 37470.87846 38035.65333 39446.87761 42323.52843 51781.71760 75159.52807 88878.79898 134676.5154 193680.0773 221699.3226 328003.5793 457831.8014 6250758.193
