    unsorted:	 246.7401105 246.7401105 246.7401105 246.7401105 246.7401105 0.3374155009 0.8892142001 7.361616822 298.4209873 41980.36580 43044.62896 40325.94236 44263.57279 33575.34045 28789.86172 26908.05997 23424.75942 20482.50078 14630.65439 16488.93377 11967.16218 7762.642622 5486.325051 52251.13522 57101.16481 58014.22108 61890.34324 74172.31561 69961.43997 76101.28796 77974.00660 81382.06859 83014.21412 98980.75884 104521.8554 109158.4421 116258.2593 120937.4136 124130.5924 128166.0209 140870.8291 145234.6257 208728.7910 549941.8601 1157857.346 4169511.651
      sorted:	 0.3374155009 0.8892142001 7.361616822 246.7401105 246.7401105 246.7401105 246.7401105 246.7401105 298.4209873 5486.325051 7762.642622 11967.16218 14630.65439 16488.93377 20482.50078 23424.75942 26908.05997 28789.86172 33575.34045 40325.94236 41980.36580 43044.62896 44263.57279 52251.13522 57101.16481 58014.22108 61890.34324 69961.43997 74172.31561 76101.28796 77974.00660 81382.06859 83014.21412 98980.75884 104521.8554 109158.4421 116258.2593 120937.4136 124130.5924 128166.0209 140870.8291 145234.6257 208728.7910 549941.8601 1157857.346 4169511.651
