    unsorted:	 246.7401105 246.7401105 246.7401105 246.7401105 246.7401105 0.5430905321 15.10116980 5.034439636 296.6339980 41716.61115 42554.92728 43128.27588 40415.28186 33800.28051 22594.75341 28007.76333 25954.84222 20151.17052 16090.47158 14192.37126 11500.62627 8264.574838 6574.127445 51855.75981 57318.56889 55332.55198 59601.97211 63595.26771 74513.79484 76052.93542 79310.11029 83393.00572 85044.39886 87404.55029 101398.8959 109170.8077 110869.4786 117336.3726 121194.4839 131644.2798 137817.0170 143400.2820 148983.9234 558718.6221 1215857.500 4147263.417
      sorted:	 0.5430905321 5.034439636 15.10116980 246.7401105 246.7401105 246.7401105 246.7401105 246.7401105 296.6339980 6574.127445 8264.574838 11500.62627 14192.37126 16090.47158 20151.17052 22594.75341 25954.84222 28007.76333 33800.28051 40415.28186 41716.61115 42554.92728 43128.27588 51855.75981 55332.55198 57318.56889 59601.97211 63595.26771 74513.79484 76052.93542 79310.11029 83393.00572 85044.39886 87404.55029 101398.8959 109170.8077 110869.4786 117336.3726 121194.4839 131644.2798 137817.0170 143400.2820 148983.9234 558718.6221 1215857.500 4147263.417
