    unsorted:	 246.7401105 246.7401105 246.7401105 246.7401105 246.7401105 0.5430814990 15.10112827 5.034475309 296.6339942 41716.60296 42554.92491 43128.27537 40415.27932 22594.75359 33800.27978 28007.76304 25954.84182 20151.17107 16090.47156 14192.37100 11500.62636 8264.575390 6574.125819 51855.77124 57318.56915 55332.59180 59601.97569 63595.26887 74513.79533 76052.93916 79310.11020 83393.00784 85044.40049 87404.55466 101398.8959 109170.8085 110869.4798 117336.3726 121194.4839 131644.2800 137817.0171 143400.2838 148983.9353 558718.6296 1215857.493 4147263.638
      sorted:	 0.5430814990 5.034475309 15.10112827 246.7401105 246.7401105 246.7401105 246.7401105 246.7401105 296.6339942 6574.125819 8264.575390 11500.62636 14192.37100 16090.47156 20151.17107 22594.75359 25954.84182 28007.76304 33800.27978 40415.27932 41716.60296 42554.92491 43128.27537 51855.77124 55332.59180 57318.56915 59601.97569 63595.26887 74513.79533 76052.93916 79310.11020 83393.00784 85044.40049 87404.55466 101398.8959 109170.8085 110869.4798 117336.3726 121194.4839 131644.2800 137817.0171 143400.2838 148983.9353 558718.6296 1215857.493 4147263.638
