    unsorted:	 246.7401105 246.7401105 246.7401105 246.7401105 246.7401105 106.9800747 82.65202859 57.84548504 479.8423830 1890.448827 1867.595962 42495.88170 41719.76666 43938.62335 39382.97602 34605.34237 29715.63449 28429.46709 24386.29929 23058.91795 21001.90307 14964.89669 12406.83292 53008.05880 57006.26792 59390.90549 64731.66918 73924.82365 76520.73525 78284.57097 81706.83749 86353.16196 88216.48332 101261.5440 106161.7482 111216.2494 119543.3084 122813.2751 133880.7331 138250.3764 145531.3302 161087.1959 456536.4463 651602.9596 1191247.887
      sorted:	 57.84548504 82.65202859 106.9800747 246.7401105 246.7401105 246.7401105 246.7401105 246.7401105 479.8423830 1867.595962 1890.448827 12406.83292 14964.89669 21001.90307 23058.91795 24386.29929 28429.46709 29715.63449 34605.34237 39382.97602 41719.76666 42495.88170 43938.62335 53008.05880 57006.26792 59390.90549 64731.66918 73924.82365 76520.73525 78284.57097 81706.83749 86353.16196 88216.48332 101261.5440 106161.7482 111216.2494 119543.3084 122813.2751 133880.7331 138250.3764 145531.3302 161087.1959 456536.4463 651602.9596 1191247.887
