    unsorted:	 986.9604406 986.9604406 986.9604406 986.9604406 986.9604406 0.009265829521 0.005460812989 0.01943692877 0.009174284939 223.9268269 506.2376986 705.6763142 1190.160648 2524.804856 3091.595153 7692.193163 8011.934465 8611.932383 9661.352842 12010.08869 12703.83187 13937.48360 15424.63026 19422.78438 22628.70667 26049.03733 30273.83475 33129.10827 34921.68844 36279.76114 38833.71033 41444.30243 41953.95800 44748.39157 44964.98546 47230.51591 49385.16946 53177.61584 54756.32205 61684.66945 66068.51686 69106.72574 77230.60787 88430.28556 96903.42212 128901.9075 144922.4564 260489.7794 644763.8674 2412574.176 -492256787.5 493482445.0 -805988421.2 810728156.4 -6692720319. 6704629141.
      sorted:	 -6692720319. -805988421.2 -492256787.5 0.005460812989 0.009174284939 0.009265829521 0.01943692877 223.9268269 506.2376986 705.6763142 986.9604406 986.9604406 986.9604406 986.9604406 986.9604406 1190.160648 2524.804856 3091.595153 7692.193163 8011.934465 8611.932383 9661.352842 12010.08869 12703.83187 13937.48360 15424.63026 19422.78438 22628.70667 26049.03733 30273.83475 33129.10827 34921.68844 36279.76114 38833.71033 41444.30243 41953.95800 44748.39157 44964.98546 47230.51591 49385.16946 53177.61584 54756.32205 61684.66945 66068.51686 69106.72574 77230.60787 88430.28556 96903.42212 128901.9075 144922.4564 260489.7794 644763.8674 2412574.176 493482445.0 810728156.4 6704629141.
