    unsorted:	 246.7401105 246.7401105 246.7401105 246.7401105 246.7401105 0.5430853004 15.10114057 5.034456151 296.6339933 41716.60393 42554.92520 43128.27543 40415.27948 22594.75349 33800.27987 28007.76306 25954.84188 20151.17098 16090.47156 14192.37102 11500.62612 8264.575625 6574.126253 51855.77302 57318.56893 55332.59441 59601.97589 63595.26902 74513.79488 76052.93893 79310.11028 83393.00801 85044.40058 87404.55505 101398.8960 109170.8084 110869.4797 117336.3726 121194.4839 131644.2801 137817.0172 143400.2839 148983.9325 558718.6288 1215857.495 4147263.565
      sorted:	 0.5430853004 5.034456151 15.10114057 246.7401105 246.7401105 246.7401105 246.7401105 246.7401105 296.6339933 6574.126253 8264.575625 11500.62612 14192.37102 16090.47156 20151.17098 22594.75349 25954.84188 28007.76306 33800.27987 40415.27948 41716.60393 42554.92520 43128.27543 51855.77302 55332.59441 57318.56893 59601.97589 63595.26902 74513.79488 76052.93893 79310.11028 83393.00801 85044.40058 87404.55505 101398.8960 109170.8084 110869.4797 117336.3726 121194.4839 131644.2801 137817.0172 143400.2839 148983.9325 558718.6288 1215857.495 4147263.565
