    unsorted:	 246.7401105 246.7401105 246.7401105 246.7401105 246.7401105 0.5430863278 15.10118031 5.034504590 296.6336507 41716.61495 42554.95671 43128.27774 40415.30792 33800.32244 22594.77612 28007.80149 25954.84559 20151.17470 16090.45821 14192.36891 11500.62101 8264.563538 6574.118119 51855.73333 57318.57056 55332.49769 59602.00934 63595.30089 74513.79530 76052.92935 79310.11156 83393.00503 85044.41645 87404.55654 101398.8948 109170.8199 110869.5023 117336.3579 121194.4605 131644.2117 137816.9997 143400.2711 148984.0197 558718.5643 1215857.192 4147259.562
      sorted:	 0.5430863278 5.034504590 15.10118031 246.7401105 246.7401105 246.7401105 246.7401105 246.7401105 296.6336507 6574.118119 8264.563538 11500.62101 14192.36891 16090.45821 20151.17470 22594.77612 25954.84559 28007.80149 33800.32244 40415.30792 41716.61495 42554.95671 43128.27774 51855.73333 55332.49769 57318.57056 59602.00934 63595.30089 74513.79530 76052.92935 79310.11156 83393.00503 85044.41645 87404.55654 101398.8948 109170.8199 110869.5023 117336.3579 121194.4605 131644.2117 137816.9997 143400.2711 148984.0197 558718.5643 1215857.192 4147259.562
