    unsorted:	 246.7401105 246.7401105 246.7401105 246.7401105 246.7401105 0.004935225143 32852.45856 33806.75873 33463.26404 31913.83790 37191.05504 36236.11767 41625.48184 40917.86895 43739.53505 45271.13717 28327.60974 26609.62871 24526.51059 22702.65392 21224.41313 3170.648292 3373.428893 5741.530959 0.02832564142 249.0486991 53232.81005 55860.32482 59085.23450 68721.41655 73240.69366 76158.74951 83552.53434 89122.47029 95585.12277 107615.1073 124245.1412 134065.8858 134452.3227 131631.6072 200851.0263 286061.5385 425351.6363 559606.1598 1105649.442
      sorted:	 0.004935225143 0.02832564142 246.7401105 246.7401105 246.7401105 246.7401105 246.7401105 249.0486991 3170.648292 3373.428893 5741.530959 21224.41313 22702.65392 24526.51059 26609.62871 28327.60974 31913.83790 32852.45856 33463.26404 33806.75873 36236.11767 37191.05504 40917.86895 41625.48184 43739.53505 45271.13717 53232.81005 55860.32482 59085.23450 68721.41655 73240.69366 76158.74951 83552.53434 89122.47029 95585.12277 107615.1073 124245.1412 131631.6072 134065.8858 134452.3227 200851.0263 286061.5385 425351.6363 559606.1598 1105649.442
