    unsorted:	 74.32981198 74.32981198 74.32981198 74.32981198 74.32981198 72.34529611 669.1501176 1009.719644 12229.69013 12530.70918 11313.10571 14760.38036 7212.423366 2547.623011 18185.73410 22137.30033 29922.24578 32144.94820 42546.75431 38983.99342 44895.04080 46610.56070 54554.20695 60045.95051 60742.15805 64756.66270 68499.38646 74046.14372 81497.91632 91494.68912 92905.81891 114502.3298 122960.1884 132037.4611 134528.9651 140877.1450 146440.2735 176704.0188 204629.2165 240557.4725 252363.3031 309933.4831 364881.0653 708710.2370 1352936.153 39740024.51
      sorted:	 72.34529611 74.32981198 74.32981198 74.32981198 74.32981198 74.32981198 669.1501176 1009.719644 2547.623011 7212.423366 11313.10571 12229.69013 12530.70918 14760.38036 18185.73410 22137.30033 29922.24578 32144.94820 38983.99342 42546.75431 44895.04080 46610.56070 54554.20695 60045.95051 60742.15805 64756.66270 68499.38646 74046.14372 81497.91632 91494.68912 92905.81891 114502.3298 122960.1884 132037.4611 134528.9651 140877.1450 146440.2735 176704.0188 204629.2165 240557.4725 252363.3031 309933.4831 364881.0653 708710.2370 1352936.153 39740024.51
