EwEVersion,"6.6.5.17207 (compiled 12/14/2020)"
Date,"2/15/2022 8:31:58 AM"
ModelName,"NWACS AM 7ages updateF"
EcosimScenario,"sim3.5_ts1_fit28v_i7_PreySwitch1 vulcap"
TimeSeries,"copyUpdated NWACS MICE 5 v2-1-6-Time series grid"
StartYear,1985

Data,"Prey of menhaden 2"

timestep\group,zooplankton,phytoplankton,Detritus,
1,0.5400094,0.2389934,0.2209972
2,0.5400167,0.2389931,0.2209902
3,0.5400324,0.2389868,0.2209807
4,0.5400512,0.2389782,0.2209706
5,0.5400712,0.2389683,0.2209605
6,0.5400916,0.2389578,0.2209505
7,0.5401123,0.238947,0.2209407
8,0.5401332,0.2389358,0.220931
9,0.5401545,0.2389243,0.2209212
10,0.5401765,0.2389123,0.2209111
11,0.5401995,0.2388997,0.2209009
12,0.5402232,0.2388865,0.2208903
13,0.5402476,0.2388723,0.2208801
14,0.540258,0.2388646,0.2208773
15,0.5402594,0.2388625,0.2208781
16,0.5402547,0.2388646,0.2208808
17,0.5402459,0.2388695,0.2208847
18,0.5402343,0.2388764,0.2208894
19,0.5402204,0.2388848,0.2208948
20,0.5402046,0.2388945,0.2209009
21,0.5401871,0.2389053,0.2209077
22,0.5401676,0.2389172,0.2209152
23,0.5401462,0.2389304,0.2209234
24,0.540123,0.2389446,0.2209324
25,0.5400981,0.23896,0.2209418
26,0.540076,0.2389746,0.2209494
27,0.5400554,0.2389882,0.2209563
28,0.5400359,0.2390012,0.2209629
29,0.540017,0.2390137,0.2209693
30,0.5399987,0.2390257,0.2209757
31,0.5399806,0.2390375,0.2209819
32,0.5399629,0.239049,0.2209881
33,0.5399456,0.2390602,0.2209942
34,0.5399286,0.2390712,0.2210001
35,0.5399121,0.2390819,0.2210059
36,0.5398959,0.2390924,0.2210117
37,0.5398803,0.2391028,0.2210169
38,0.5398694,0.239111,0.2210196
39,0.539861,0.2391176,0.2210214
40,0.5398537,0.2391234,0.221023
41,0.5398464,0.2391289,0.2210247
42,0.5398387,0.2391346,0.2210268
43,0.5398301,0.2391407,0.2210292
44,0.5398208,0.2391473,0.2210319
45,0.5398107,0.2391544,0.2210349
46,0.5398,0.2391619,0.2210381
47,0.5397888,0.2391697,0.2210415
48,0.5397774,0.2391777,0.2210449
49,0.539766,0.2391858,0.2210482
50,0.5397551,0.2391936,0.2210512
51,0.5397446,0.2392013,0.2210542
52,0.5397341,0.2392089,0.221057
53,0.5397242,0.2392161,0.2210598
54,0.5397148,0.2392229,0.2210622
55,0.5397065,0.2392292,0.2210643
56,0.5396994,0.2392347,0.2210657
57,0.539694,0.2392394,0.2210667
58,0.5396901,0.239243,0.2210668
59,0.5396882,0.2392455,0.2210663
60,0.5396882,0.2392468,0.221065
61,0.53969,0.2392468,0.2210632
62,0.5396882,0.2392484,0.2210634
63,0.5396848,0.239251,0.2210642
64,0.5396808,0.2392542,0.221065
65,0.539677,0.2392575,0.2210655
66,0.5396739,0.2392605,0.2210657
67,0.5396717,0.2392631,0.2210652
68,0.5396706,0.239265,0.2210643
69,0.5396707,0.2392663,0.2210629
70,0.539672,0.2392669,0.2210611
71,0.5396743,0.239267,0.2210587
72,0.5396775,0.2392665,0.221056
73,0.5396816,0.2392654,0.221053
74,0.5396841,0.2392651,0.2210509
75,0.5396858,0.2392652,0.221049
76,0.5396875,0.2392655,0.221047
77,0.5396891,0.2392659,0.221045
78,0.5396908,0.2392664,0.2210428
79,0.5396925,0.239267,0.2210406
80,0.5396941,0.2392675,0.2210384
81,0.5396954,0.2392683,0.2210363
82,0.5396963,0.2392694,0.2210343
83,0.5396966,0.2392707,0.2210326
84,0.5396964,0.2392725,0.2210311
85,0.5396951,0.2392746,0.2210303
86,0.5396879,0.2392794,0.2210327
87,0.5396768,0.2392866,0.2210365
88,0.5396635,0.2392955,0.221041
89,0.5396487,0.2393054,0.2210459
90,0.5396329,0.2393161,0.221051
91,0.5396165,0.2393273,0.2210562
92,0.5395995,0.2393388,0.2210616
93,0.5395821,0.2393507,0.2210672
94,0.5395641,0.2393629,0.221073
95,0.5395457,0.2393754,0.2210789
96,0.5395267,0.2393881,0.2210851
97,0.5395072,0.2394012,0.2210917
98,0.5394847,0.2394157,0.2210997
99,0.5394605,0.2394312,0.2211084
100,0.5394355,0.2394473,0.2211171
101,0.5394104,0.2394636,0.221126
102,0.5393853,0.2394801,0.2211347
103,0.5393602,0.2394965,0.2211434
104,0.5393353,0.2395128,0.221152
105,0.5393106,0.2395289,0.2211605
106,0.539286,0.2395451,0.221169
107,0.5392615,0.2395611,0.2211774
108,0.5392372,0.239577,0.2211858
109,0.5392129,0.2395928,0.2211942
110,0.5391875,0.2396092,0.2212033
111,0.5391617,0.2396258,0.2212125
112,0.539136,0.2396425,0.2212215
113,0.5391108,0.2396588,0.2212303
114,0.5390865,0.2396748,0.2212387
115,0.5390631,0.2396902,0.2212468
116,0.5390406,0.239705,0.2212544
117,0.5390191,0.2397192,0.2212617
118,0.5389985,0.2397327,0.2212686
119,0.5389791,0.2397457,0.2212751
120,0.5389607,0.239758,0.2212813
121,0.5389435,0.2397698,0.2212867
122,0.5389357,0.2397767,0.2212877
123,0.5389341,0.2397796,0.2212863
124,0.5389367,0.2397796,0.2212837
125,0.5389423,0.2397776,0.2212802
126,0.5389498,0.2397741,0.221276
127,0.538959,0.2397696,0.2212714
128,0.5389695,0.2397642,0.2212662
129,0.5389813,0.239758,0.2212607
130,0.5389944,0.239751,0.2212546
131,0.5390088,0.2397432,0.221248
132,0.5390243,0.2397347,0.221241
133,0.5390409,0.2397254,0.2212337
134,0.5390543,0.2397174,0.2212282
135,0.539066,0.2397105,0.2212234
136,0.5390769,0.2397043,0.2212188
137,0.5390874,0.2396984,0.2212142
138,0.5390981,0.2396924,0.2212095
139,0.5391091,0.2396864,0.2212046
140,0.5391204,0.2396801,0.2211995
141,0.5391322,0.2396735,0.2211944
142,0.5391443,0.2396667,0.2211889
143,0.5391568,0.2396597,0.2211835
144,0.5391697,0.2396524,0.2211779
145,0.539183,0.2396451,0.221172
146,0.5391992,0.2396363,0.2211645
147,0.5392174,0.2396263,0.2211563
148,0.5392368,0.2396155,0.2211476
149,0.5392572,0.239604,0.2211388
150,0.5392779,0.2395922,0.22113
151,0.5392988,0.2395802,0.2211211
152,0.5393195,0.2395682,0.2211123
153,0.5393401,0.2395562,0.2211037
154,0.5393605,0.2395444,0.2210951
155,0.5393805,0.2395327,0.2210867
156,0.5394,0.2395214,0.2210786
157,0.5394192,0.2395104,0.2210705
158,0.5394401,0.2394987,0.2210612
159,0.5394617,0.2394866,0.2210518
160,0.5394833,0.2394743,0.2210424
161,0.5395045,0.2394621,0.2210334
162,0.539525,0.2394503,0.2210247
163,0.5395446,0.239439,0.2210164
164,0.5395632,0.2394282,0.2210086
165,0.5395808,0.2394179,0.2210012
166,0.5395976,0.2394082,0.2209943
167,0.5396132,0.239399,0.2209878
168,0.539628,0.2393904,0.2209816
169,0.5396417,0.2393821,0.2209762
170,0.5396507,0.2393759,0.2209735
171,0.5396564,0.2393716,0.220972
172,0.5396599,0.2393687,0.2209714
173,0.5396619,0.2393669,0.2209712
174,0.5396629,0.2393657,0.2209714
175,0.5396631,0.239365,0.2209718
176,0.539663,0.2393647,0.2209724
177,0.5396624,0.2393644,0.2209731
178,0.5396616,0.2393643,0.220974
179,0.5396608,0.2393643,0.220975
180,0.5396597,0.2393642,0.220976
181,0.5396587,0.239364,0.2209773
182,0.5396535,0.2393658,0.2209807
183,0.5396459,0.2393691,0.2209851
184,0.5396372,0.2393731,0.2209896
185,0.5396284,0.2393774,0.2209941
186,0.53962,0.2393816,0.2209984
187,0.5396122,0.2393854,0.2210024
188,0.5396053,0.2393887,0.221006
189,0.5395995,0.2393913,0.2210093
190,0.5395946,0.2393933,0.2210121
191,0.5395908,0.2393947,0.2210144
192,0.5395882,0.2393954,0.2210164
193,0.5395866,0.2393956,0.2210178
194,0.5395901,0.2393932,0.2210167
195,0.5395972,0.2393885,0.2210143
196,0.5396066,0.2393823,0.2210111
197,0.5396175,0.2393751,0.2210074
198,0.5396296,0.2393671,0.2210033
199,0.5396423,0.2393586,0.220999
200,0.5396555,0.2393499,0.2209946
201,0.5396691,0.239341,0.2209899
202,0.5396829,0.2393319,0.2209852
203,0.5396968,0.2393228,0.2209804
204,0.5397109,0.2393136,0.2209755
205,0.5397251,0.2393043,0.2209706
206,0.5397375,0.2392958,0.2209667
207,0.5397489,0.239288,0.2209631
208,0.5397599,0.2392805,0.2209597
209,0.5397707,0.2392732,0.2209562
210,0.5397815,0.2392659,0.2209526
211,0.5397926,0.2392585,0.2209489
212,0.5398037,0.2392511,0.2209451
213,0.5398151,0.2392436,0.2209413
214,0.5398266,0.239236,0.2209374
215,0.5398383,0.2392283,0.2209334
216,0.53985,0.2392206,0.2209294
217,0.5398617,0.2392129,0.2209254
218,0.5398746,0.2392046,0.2209209
219,0.539888,0.2391959,0.2209161
220,0.5399017,0.239187,0.2209113
221,0.5399154,0.2391781,0.2209065
222,0.5399289,0.2391693,0.2209018
223,0.539942,0.2391607,0.2208972
224,0.5399545,0.2391525,0.2208929
225,0.5399667,0.2391446,0.2208887
226,0.5399784,0.239137,0.2208847
227,0.5399894,0.2391297,0.220881
228,0.5399997,0.2391228,0.2208774
229,0.5400097,0.2391164,0.220874
230,0.5400206,0.2391095,0.2208699
231,0.5400319,0.2391023,0.2208657
232,0.5400433,0.2390952,0.2208615
233,0.5400545,0.2390881,0.2208574
234,0.5400654,0.239081,0.2208535
235,0.540076,0.2390742,0.2208497
236,0.5400863,0.2390676,0.2208461
237,0.5400964,0.239061,0.2208425
238,0.5401061,0.2390547,0.2208391
239,0.5401156,0.2390486,0.2208358
240,0.5401249,0.2390425,0.2208326
241,0.5401339,0.2390366,0.2208295
242,0.5401431,0.2390307,0.2208262
243,0.5401522,0.2390248,0.220823
244,0.540161,0.239019,0.22082
245,0.5401695,0.2390134,0.2208171
246,0.5401776,0.2390081,0.2208143
247,0.5401852,0.239003,0.2208118
248,0.5401925,0.2389981,0.2208094
249,0.5401993,0.2389935,0.2208072
250,0.5402059,0.2389891,0.2208051
251,0.540212,0.2389849,0.2208031
252,0.5402178,0.2389809,0.2208013
253,0.5402232,0.2389771,0.2207996
254,0.5402304,0.2389724,0.2207972
255,0.5402384,0.2389671,0.2207944
256,0.5402471,0.2389614,0.2207915
257,0.540256,0.2389555,0.2207886
258,0.540265,0.2389494,0.2207857
259,0.5402741,0.2389432,0.2207828
260,0.5402833,0.238937,0.2207798
261,0.5402925,0.2389307,0.2207768
262,0.5403019,0.2389243,0.2207738
263,0.5403114,0.2389178,0.2207707
264,0.5403211,0.2389112,0.2207677
265,0.5403308,0.2389045,0.2207646
266,0.5403391,0.2388985,0.2207624
267,0.5403463,0.2388932,0.2207606
268,0.5403525,0.2388884,0.2207591
269,0.5403579,0.2388842,0.2207578
270,0.5403628,0.2388804,0.2207568
271,0.540367,0.238877,0.2207559
272,0.5403707,0.238874,0.2207553
273,0.5403739,0.2388713,0.2207549
274,0.5403765,0.2388689,0.2207546
275,0.5403786,0.2388669,0.2207545
276,0.5403802,0.2388652,0.2207546
277,0.5403813,0.2388637,0.220755
278,0.5403799,0.2388634,0.2207567
279,0.5403769,0.2388641,0.220759
280,0.540373,0.2388655,0.2207616
281,0.5403685,0.2388673,0.2207642
282,0.5403637,0.2388693,0.220767
283,0.5403587,0.2388715,0.2207698
284,0.5403536,0.2388738,0.2207727
285,0.5403483,0.2388762,0.2207755
286,0.5403429,0.2388787,0.2207784
287,0.5403374,0.2388812,0.2207813
288,0.5403318,0.2388839,0.2207843
289,0.5403262,0.2388866,0.2207872
290,0.5403251,0.238887,0.2207879
291,0.5403268,0.2388855,0.2207876
292,0.5403301,0.2388829,0.220787
293,0.5403339,0.2388799,0.2207862
294,0.5403378,0.2388768,0.2207855
295,0.5403413,0.2388738,0.220785
296,0.5403442,0.2388712,0.2207847
297,0.5403463,0.2388689,0.2207847
298,0.5403479,0.2388671,0.220785
299,0.5403488,0.2388658,0.2207854
300,0.5403491,0.2388648,0.2207862
301,0.5403488,0.2388643,0.220787
302,0.5403442,0.2388664,0.2207895
303,0.5403367,0.2388704,0.220793
304,0.5403274,0.2388756,0.220797
305,0.5403173,0.2388815,0.2208012
306,0.5403068,0.2388877,0.2208055
307,0.5402963,0.2388939,0.2208098
308,0.5402861,0.2389,0.220814
309,0.5402762,0.2389058,0.220818
310,0.5402668,0.2389114,0.2208219
311,0.5402577,0.2389168,0.2208255
312,0.5402492,0.2389218,0.220829
313,0.5402409,0.2389265,0.2208325
314,0.5402324,0.2389313,0.2208363
315,0.5402236,0.2389362,0.2208402
316,0.5402148,0.2389411,0.220844
317,0.5402061,0.2389461,0.2208479
318,0.5401974,0.238951,0.2208517
319,0.5401888,0.2389559,0.2208554
320,0.5401803,0.2389607,0.2208589
321,0.540172,0.2389655,0.2208624
322,0.5401639,0.2389702,0.2208658
323,0.5401561,0.2389748,0.2208691
324,0.5401484,0.2389793,0.2208723
325,0.5401409,0.2389836,0.2208755
326,0.540132,0.2389885,0.2208795
327,0.5401225,0.2389937,0.2208838
328,0.5401127,0.2389993,0.220888
329,0.540103,0.2390048,0.2208922
330,0.5400933,0.2390104,0.2208962
331,0.5400839,0.2390159,0.2209001
332,0.5400748,0.2390213,0.2209039
333,0.5400659,0.2390266,0.2209075
334,0.5400571,0.2390318,0.220911
335,0.5400487,0.2390369,0.2209144
336,0.5400404,0.2390419,0.2209177
337,0.5400323,0.2390467,0.220921
338,0.5400236,0.2390518,0.2209246
339,0.5400146,0.2390571,0.2209283
340,0.5400058,0.2390623,0.2209318
341,0.5399973,0.2390675,0.2209352
342,0.5399892,0.2390724,0.2209384
343,0.5399814,0.2390771,0.2209414
344,0.539974,0.2390817,0.2209443
345,0.5399666,0.2390862,0.2209471
346,0.5399594,0.2390907,0.22095
347,0.5399523,0.239095,0.2209526
348,0.5399453,0.2390994,0.2209553
349,0.5399383,0.2391039,0.2209579
350,0.5399331,0.2391076,0.2209593
351,0.5399288,0.2391108,0.2209604
352,0.5399251,0.2391136,0.2209613
353,0.5399217,0.239116,0.2209622
354,0.5399185,0.2391184,0.220963
355,0.5399154,0.2391208,0.2209638
356,0.5399122,0.2391231,0.2209647
357,0.5399091,0.2391254,0.2209655
358,0.539906,0.2391277,0.2209664
359,0.5399028,0.23913,0.2209672
360,0.5398996,0.2391324,0.2209681
361,0.5398965,0.2391348,0.2209688
362,0.5398945,0.2391368,0.2209688
363,0.5398927,0.2391386,0.2209686
364,0.5398911,0.2391404,0.2209686
365,0.5398892,0.2391421,0.2209686
366,0.5398871,0.2391441,0.2209689
367,0.5398845,0.2391462,0.2209692
368,0.5398818,0.2391485,0.2209698
369,0.5398786,0.239151,0.2209704
370,0.5398753,0.2391536,0.2209712
371,0.5398716,0.2391563,0.220972
372,0.5398679,0.2391591,0.220973
373,0.5398638,0.2391621,0.2209741
374,0.5398594,0.2391651,0.2209755
375,0.5398545,0.2391682,0.2209772
376,0.5398495,0.2391716,0.220979
377,0.5398439,0.2391751,0.220981
378,0.539838,0.2391789,0.220983
379,0.5398319,0.2391829,0.2209852
380,0.5398254,0.239187,0.2209875
381,0.5398188,0.2391912,0.2209899
382,0.539812,0.2391956,0.2209924
383,0.539805,0.2392001,0.2209949
384,0.539798,0.2392046,0.2209975
385,0.5397907,0.239209,0.2210002
386,0.5397825,0.2392139,0.2210037
387,0.5397735,0.2392191,0.2210074
388,0.5397642,0.2392246,0.2210112
389,0.5397548,0.2392302,0.2210151
390,0.5397452,0.2392358,0.2210189
391,0.5397357,0.2392416,0.2210228
392,0.539726,0.2392473,0.2210267
393,0.5397164,0.239253,0.2210306
394,0.5397066,0.2392588,0.2210346
395,0.5396969,0.2392646,0.2210386
396,0.5396871,0.2392703,0.2210426
