    unsorted:	 30.06556274 30.06556274 30.06556274 30.06556274 30.06556274 444.1155338 97.57985088 3152.152711 2472.823084 6732.445136 10457.57788 11358.98568 18532.49667 26026.10391 31681.37831 41679.16049 43376.36173 46660.66002 60572.20838 64672.68186 66853.10301 81582.62131 79760.76145 97141.90976 110236.3760 123963.1251 136349.8900 139894.9456 154730.6391 172251.8759 254952.8484 287634.7755 324630.6147 732513.3883 1207140.170 10199955.66
      sorted:	 30.06556274 30.06556274 30.06556274 30.06556274 30.06556274 97.57985088 444.1155338 2472.823084 3152.152711 6732.445136 10457.57788 11358.98568 18532.49667 26026.10391 31681.37831 41679.16049 43376.36173 46660.66002 60572.20838 64672.68186 66853.10301 79760.76145 81582.62131 97141.90976 110236.3760 123963.1251 136349.8900 139894.9456 154730.6391 172251.8759 254952.8484 287634.7755 324630.6147 732513.3883 1207140.170 10199955.66
