EwEVersion,"6.6.5.17207 (compiled 12/14/2020)"
Date,"2/3/2022 11:26:22 AM"
ModelName,"NWACS AM 7ages"
EcosimScenario,"sim3.5_ts1_fit28v_i7_PreySwitch1 vulcap"
TimeSeries,"copyUpdated NWACS MICE 5 v2-1-6-Time series grid"
StartYear,1985

Data,"Prey of menhaden 4"

timestep\group,zooplankton,phytoplankton,Detritus,
1,0.6600087,0.1769946,0.1629966
2,0.659999,0.1770021,0.1629988
3,0.6599835,0.1770121,0.1630043
4,0.6599608,0.1770262,0.163013
5,0.6599324,0.1770436,0.163024
6,0.6599002,0.1770633,0.1630365
7,0.6598663,0.1770841,0.1630497
8,0.6598323,0.1771048,0.1630628
9,0.6598002,0.1771245,0.1630753
10,0.6597711,0.1771424,0.1630864
11,0.6597462,0.1771578,0.163096
12,0.659726,0.1771704,0.1631036
13,0.6597105,0.1771795,0.16311
14,0.6596832,0.1771936,0.1631232
15,0.6596488,0.1772118,0.1631394
16,0.6596104,0.1772327,0.1631569
17,0.6595693,0.1772555,0.1631752
18,0.6595264,0.1772796,0.163194
19,0.6594821,0.1773047,0.1632132
20,0.6594363,0.1773308,0.1632328
21,0.659389,0.1773579,0.163253
22,0.6593404,0.1773859,0.1632738
23,0.6592903,0.1774147,0.163295
24,0.6592392,0.1774441,0.1633166
25,0.6591878,0.1774741,0.1633381
26,0.6591423,0.1775016,0.1633562
27,0.6591021,0.177526,0.1633719
28,0.659067,0.1775475,0.1633855
29,0.659037,0.1775659,0.1633971
30,0.6590122,0.1775812,0.1634067
31,0.6589924,0.1775934,0.1634142
32,0.6589774,0.1776028,0.1634199
33,0.658967,0.1776094,0.1634236
34,0.6589611,0.1776134,0.1634256
35,0.6589589,0.177615,0.1634261
36,0.6589603,0.1776146,0.1634251
37,0.6589652,0.1776125,0.1634224
38,0.6589782,0.1776063,0.1634154
39,0.6589963,0.1775971,0.1634065
40,0.6590174,0.177586,0.1633966
41,0.65904,0.1775738,0.1633863
42,0.659063,0.1775612,0.1633758
43,0.6590859,0.1775487,0.1633655
44,0.6591079,0.1775366,0.1633555
45,0.6591291,0.1775251,0.1633459
46,0.6591489,0.1775143,0.1633368
47,0.6591672,0.1775045,0.1633283
48,0.659184,0.1774957,0.1633204
49,0.6591989,0.177488,0.1633131
50,0.6592127,0.1774812,0.1633062
51,0.6592243,0.1774755,0.1633001
52,0.6592339,0.1774712,0.163295
53,0.6592413,0.1774681,0.1632907
54,0.6592469,0.1774659,0.1632871
55,0.6592516,0.1774644,0.163284
56,0.6592556,0.1774634,0.163281
57,0.6592595,0.1774623,0.1632781
58,0.6592638,0.1774611,0.1632751
59,0.6592688,0.1774594,0.1632718
60,0.6592746,0.1774573,0.1632681
61,0.6592811,0.1774545,0.1632644
62,0.6592823,0.1774541,0.1632636
63,0.6592801,0.1774557,0.1632642
64,0.6592755,0.1774589,0.1632655
65,0.6592695,0.1774632,0.1632674
66,0.6592624,0.1774681,0.1632695
67,0.6592544,0.1774737,0.1632719
68,0.6592458,0.1774797,0.1632745
69,0.6592366,0.177486,0.1632773
70,0.659227,0.1774927,0.1632803
71,0.6592169,0.1774997,0.1632834
72,0.6592063,0.177507,0.1632867
73,0.6591954,0.1775143,0.1632903
74,0.6591819,0.177523,0.1632952
75,0.6591668,0.1775326,0.1633006
76,0.659151,0.1775427,0.1633063
77,0.6591348,0.1775532,0.1633121
78,0.6591184,0.1775638,0.1633178
79,0.6591018,0.1775745,0.1633236
80,0.6590852,0.1775854,0.1633295
81,0.6590683,0.1775963,0.1633354
82,0.6590511,0.1776075,0.1633414
83,0.6590338,0.1776187,0.1633475
84,0.6590163,0.17763,0.1633537
85,0.6589984,0.1776412,0.1633604
86,0.658974,0.1776552,0.1633707
87,0.6589463,0.1776713,0.1633823
88,0.6589174,0.1776884,0.1633942
89,0.6588883,0.1777058,0.1634059
90,0.6588598,0.177723,0.1634172
91,0.6588322,0.1777398,0.163428
92,0.6588055,0.1777561,0.1634384
93,0.6587798,0.1777718,0.1634483
94,0.658755,0.1777871,0.1634579
95,0.658731,0.1778019,0.1634671
96,0.6587079,0.1778162,0.1634759
97,0.6586854,0.1778299,0.1634846
98,0.6586614,0.1778444,0.1634943
99,0.6586372,0.1778589,0.1635039
100,0.6586141,0.177873,0.1635129
101,0.6585925,0.1778863,0.1635212
102,0.6585727,0.1778986,0.1635287
103,0.6585546,0.17791,0.1635354
104,0.6585383,0.1779204,0.1635413
105,0.6585235,0.1779298,0.1635467
106,0.65851,0.1779386,0.1635514
107,0.6584979,0.1779465,0.1635556
108,0.658487,0.1779538,0.1635593
109,0.6584771,0.1779603,0.1635626
110,0.658467,0.1779669,0.1635661
111,0.6584577,0.1779731,0.1635692
112,0.6584498,0.1779786,0.1635716
113,0.6584435,0.1779832,0.1635733
114,0.6584389,0.1779868,0.1635743
115,0.6584361,0.1779895,0.1635745
116,0.6584347,0.1779912,0.163574
117,0.6584348,0.1779921,0.1635731
118,0.6584361,0.1779924,0.1635716
119,0.6584383,0.177992,0.1635697
120,0.6584414,0.1779912,0.1635674
121,0.6584455,0.17799,0.1635645
122,0.6584587,0.1779843,0.163557
123,0.6584778,0.1779749,0.1635473
124,0.6585007,0.177963,0.1635362
125,0.6585261,0.1779495,0.1635244
126,0.6585529,0.177935,0.1635121
127,0.6585808,0.1779196,0.1634995
128,0.6586094,0.1779038,0.1634867
129,0.6586388,0.1778876,0.1634736
130,0.6586685,0.1778711,0.1634604
131,0.6586986,0.1778544,0.1634471
132,0.6587288,0.1778375,0.1634337
133,0.6587588,0.1778204,0.1634207
134,0.658784,0.1778058,0.1634102
135,0.6588055,0.1777933,0.1634011
136,0.6588244,0.1777825,0.1633931
137,0.6588411,0.177773,0.1633859
138,0.658856,0.1777646,0.1633794
139,0.6588692,0.1777574,0.1633735
140,0.6588807,0.177751,0.1633682
141,0.6588909,0.1777456,0.1633635
142,0.6588997,0.177741,0.1633594
143,0.6589071,0.1777371,0.1633558
144,0.6589136,0.1777337,0.1633527
145,0.6589192,0.1777311,0.1633497
146,0.6589273,0.1777274,0.1633453
147,0.6589369,0.1777227,0.1633403
148,0.6589475,0.1777175,0.163335
149,0.6589585,0.1777118,0.1633297
150,0.6589696,0.1777059,0.1633245
151,0.6589806,0.1777,0.1633193
152,0.6589913,0.1776943,0.1633144
153,0.6590015,0.1776887,0.1633098
154,0.6590111,0.1776834,0.1633054
155,0.6590201,0.1776785,0.1633014
156,0.6590283,0.177674,0.1632977
157,0.6590358,0.17767,0.1632942
158,0.6590455,0.1776653,0.1632893
159,0.6590558,0.17766,0.1632842
160,0.6590661,0.1776547,0.1632792
161,0.6590759,0.1776495,0.1632746
162,0.6590846,0.1776449,0.1632706
163,0.6590922,0.1776408,0.163267
164,0.6590987,0.1776373,0.1632641
165,0.659104,0.1776344,0.1632616
166,0.6591082,0.1776322,0.1632596
167,0.6591114,0.1776305,0.163258
168,0.6591137,0.1776294,0.1632569
169,0.6591148,0.1776285,0.1632566
170,0.65911,0.1776303,0.1632597
171,0.6591013,0.1776344,0.1632643
172,0.65909,0.1776401,0.1632699
173,0.6590771,0.1776468,0.1632761
174,0.6590633,0.1776542,0.1632825
175,0.6590492,0.1776619,0.163289
176,0.6590348,0.1776697,0.1632955
177,0.6590207,0.1776773,0.163302
178,0.6590071,0.1776847,0.1633082
179,0.6589941,0.1776917,0.1633142
180,0.658982,0.1776981,0.1633198
181,0.6589709,0.1777038,0.1633253
182,0.6589561,0.1777111,0.1633328
183,0.6589401,0.1777192,0.1633408
184,0.6589242,0.1777273,0.1633485
185,0.6589096,0.1777349,0.1633556
186,0.6588966,0.1777415,0.1633618
187,0.658886,0.1777469,0.1633671
188,0.6588777,0.1777509,0.1633714
189,0.6588718,0.1777535,0.1633747
190,0.6588683,0.1777548,0.1633769
191,0.6588672,0.1777546,0.1633782
192,0.6588685,0.177753,0.1633785
193,0.6588722,0.1777502,0.1633776
194,0.6588827,0.1777439,0.1633733
195,0.6588981,0.1777348,0.1633672
196,0.6589171,0.1777233,0.1633596
197,0.6589389,0.1777101,0.1633509
198,0.658963,0.1776955,0.1633414
199,0.6589888,0.1776799,0.1633313
200,0.6590158,0.1776635,0.1633206
201,0.6590441,0.1776465,0.1633094
202,0.6590732,0.177629,0.1632978
203,0.6591029,0.1776111,0.163286
204,0.659133,0.1775931,0.163274
205,0.6591632,0.1775748,0.163262
206,0.6591913,0.1775576,0.1632511
207,0.6592183,0.1775411,0.1632407
208,0.6592442,0.1775252,0.1632306
209,0.6592695,0.1775098,0.1632207
210,0.6592944,0.1774947,0.1632109
211,0.6593188,0.17748,0.1632012
212,0.6593427,0.1774656,0.1631917
213,0.6593662,0.1774514,0.1631824
214,0.6593891,0.1774376,0.1631733
215,0.6594116,0.1774241,0.1631643
216,0.6594334,0.177411,0.1631556
217,0.6594547,0.1773982,0.1631471
218,0.6594762,0.1773853,0.1631385
219,0.6594976,0.1773725,0.16313
220,0.6595185,0.1773599,0.1631216
221,0.6595386,0.1773478,0.1631136
222,0.6595577,0.1773362,0.1631061
223,0.6595756,0.1773253,0.163099
224,0.6595921,0.1773153,0.1630926
225,0.6596072,0.1773061,0.1630867
226,0.6596206,0.1772979,0.1630815
227,0.6596324,0.1772906,0.1630769
228,0.6596426,0.1772843,0.163073
229,0.6596513,0.177279,0.1630697
230,0.65966,0.1772738,0.1630661
231,0.6596683,0.1772689,0.1630627
232,0.6596757,0.1772645,0.1630598
233,0.659682,0.1772607,0.1630573
234,0.6596873,0.1772574,0.1630553
235,0.6596915,0.1772548,0.1630538
236,0.6596946,0.1772527,0.1630527
237,0.6596968,0.1772512,0.1630521
238,0.6596978,0.1772503,0.1630519
239,0.6596981,0.1772498,0.1630521
240,0.6596975,0.1772498,0.1630526
241,0.6596962,0.1772504,0.1630535
242,0.6596945,0.1772511,0.1630545
243,0.659692,0.1772522,0.1630557
244,0.6596889,0.1772537,0.1630573
245,0.659685,0.1772557,0.1630594
246,0.6596801,0.1772582,0.1630617
247,0.6596744,0.1772611,0.1630645
248,0.6596681,0.1772645,0.1630675
249,0.6596613,0.1772681,0.1630707
250,0.659654,0.1772719,0.1630741
251,0.6596465,0.1772759,0.1630776
252,0.6596389,0.17728,0.1630812
253,0.6596312,0.177284,0.1630848
254,0.6596249,0.1772873,0.1630877
255,0.6596199,0.1772899,0.1630903
256,0.6596155,0.1772919,0.1630926
257,0.6596118,0.1772935,0.1630946
258,0.6596088,0.1772947,0.1630964
259,0.6596068,0.1772953,0.1630979
260,0.6596057,0.1772954,0.1630989
261,0.6596057,0.1772948,0.1630995
262,0.6596069,0.1772935,0.1630997
263,0.6596093,0.1772915,0.1630993
264,0.6596129,0.1772887,0.1630984
265,0.6596178,0.1772851,0.1630971
266,0.6596219,0.1772817,0.1630964
267,0.6596256,0.1772785,0.1630958
268,0.6596293,0.1772755,0.1630952
269,0.659633,0.1772725,0.1630945
270,0.6596366,0.1772695,0.1630938
271,0.6596403,0.1772666,0.1630931
272,0.6596439,0.1772637,0.1630923
273,0.6596477,0.1772608,0.1630915
274,0.6596515,0.1772579,0.1630905
275,0.6596555,0.177255,0.1630895
276,0.6596596,0.1772519,0.1630884
277,0.6596639,0.1772487,0.1630873
278,0.6596661,0.1772464,0.1630875
279,0.6596672,0.1772448,0.163088
280,0.6596681,0.1772434,0.1630886
281,0.6596693,0.1772419,0.1630889
282,0.6596708,0.1772403,0.1630889
283,0.6596729,0.1772383,0.1630887
284,0.6596757,0.1772361,0.1630882
285,0.659679,0.1772335,0.1630875
286,0.6596828,0.1772307,0.1630865
287,0.659687,0.1772276,0.1630853
288,0.6596918,0.1772243,0.163084
289,0.6596969,0.1772208,0.1630823
290,0.6597071,0.1772147,0.1630782
291,0.6597205,0.1772067,0.1630729
292,0.6597359,0.1771973,0.1630668
293,0.6597522,0.1771872,0.1630605
294,0.6597691,0.1771769,0.1630541
295,0.6597858,0.1771666,0.1630477
296,0.6598021,0.1771564,0.1630415
297,0.6598178,0.1771467,0.1630356
298,0.6598325,0.1771374,0.16303
299,0.6598464,0.1771287,0.1630248
300,0.6598592,0.1771207,0.1630201
301,0.6598709,0.1771134,0.1630156
302,0.6598787,0.1771086,0.1630127
303,0.6598836,0.1771057,0.1630108
304,0.6598862,0.1771041,0.1630097
305,0.6598873,0.1771035,0.1630092
306,0.6598872,0.1771036,0.1630092
307,0.6598863,0.1771042,0.1630095
308,0.6598848,0.1771052,0.1630101
309,0.6598826,0.1771065,0.1630109
310,0.65988,0.1771081,0.1630119
311,0.6598769,0.1771099,0.1630131
312,0.6598733,0.177112,0.1630146
313,0.6598691,0.1771145,0.1630165
314,0.6598629,0.1771178,0.1630193
315,0.6598553,0.1771219,0.1630229
316,0.6598462,0.1771268,0.1630269
317,0.6598361,0.1771325,0.1630314
318,0.6598248,0.1771388,0.1630364
319,0.6598126,0.1771457,0.1630416
320,0.6597996,0.1771532,0.1630472
321,0.6597859,0.1771611,0.1630531
322,0.6597716,0.1771693,0.1630592
323,0.6597568,0.1771778,0.1630654
324,0.6597417,0.1771865,0.1630718
325,0.6597263,0.1771953,0.1630784
326,0.6597087,0.177205,0.1630863
327,0.6596901,0.1772154,0.1630946
328,0.6596709,0.1772261,0.163103
329,0.6596516,0.1772371,0.1631113
330,0.6596326,0.1772479,0.1631195
331,0.6596138,0.1772586,0.1631276
332,0.6595954,0.1772691,0.1631354
333,0.6595777,0.1772793,0.163143
334,0.6595604,0.1772892,0.1631503
335,0.6595439,0.1772988,0.1631573
336,0.6595281,0.1773079,0.163164
337,0.659513,0.1773165,0.1631704
338,0.659498,0.1773251,0.163177
339,0.6594836,0.1773332,0.1631832
340,0.6594702,0.1773408,0.163189
341,0.6594582,0.1773477,0.1631941
342,0.6594476,0.1773538,0.1631986
343,0.6594383,0.1773591,0.1632026
344,0.6594301,0.1773638,0.1632061
345,0.6594232,0.1773677,0.163209
346,0.6594174,0.1773711,0.1632115
347,0.6594125,0.1773739,0.1632136
348,0.6594086,0.1773762,0.1632153
349,0.6594055,0.1773781,0.1632164
350,0.6594055,0.1773786,0.1632159
351,0.6594079,0.1773778,0.1632144
352,0.6594118,0.1773759,0.1632123
353,0.6594171,0.1773733,0.1632097
354,0.6594234,0.1773699,0.1632067
355,0.6594307,0.177366,0.1632033
356,0.6594387,0.1773616,0.1631996
357,0.6594475,0.1773568,0.1631956
358,0.6594568,0.1773517,0.1631915
359,0.6594667,0.1773463,0.1631871
360,0.6594768,0.1773406,0.1631826
361,0.6594872,0.177335,0.1631778
362,0.6594993,0.1773287,0.1631721
363,0.6595119,0.1773221,0.1631661
364,0.6595244,0.1773154,0.1631602
365,0.6595365,0.1773089,0.1631546
366,0.6595479,0.1773029,0.1631493
367,0.6595585,0.1772972,0.1631443
368,0.6595683,0.177292,0.1631397
369,0.6595773,0.1772873,0.1631355
370,0.6595853,0.1772831,0.1631317
371,0.6595924,0.1772794,0.1631282
372,0.6595986,0.1772763,0.1631251
373,0.6596037,0.1772737,0.1631226
374,0.6596072,0.1772719,0.163121
375,0.6596088,0.1772711,0.1631201
376,0.6596089,0.1772712,0.1631199
377,0.6596075,0.1772722,0.1631203
378,0.6596044,0.1772742,0.1631214
379,0.6595999,0.177277,0.1631231
380,0.6595939,0.1772807,0.1631254
381,0.6595867,0.1772852,0.1631282
382,0.6595781,0.1772904,0.1631315
383,0.6595685,0.1772963,0.1631353
384,0.6595578,0.1773027,0.1631395
385,0.6595461,0.1773095,0.1631443
386,0.659532,0.1773175,0.1631505
387,0.6595163,0.1773265,0.1631573
388,0.6594995,0.1773361,0.1631645
389,0.6594821,0.1773461,0.1631719
390,0.6594641,0.1773564,0.1631795
391,0.6594456,0.177367,0.1631873
392,0.6594269,0.1773778,0.1631953
393,0.6594079,0.1773888,0.1632034
394,0.6593885,0.1773999,0.1632115
395,0.6593692,0.1774111,0.1632198
396,0.6593498,0.1774222,0.163228
