EwEVersion,"6.6.5.17207 (compiled 12/14/2020)"
Date,"2/8/2022 10:45:12 PM"
ModelName,"NWACS AM 7ages updateF"
EcosimScenario,"sim3.5_ts1_fit28v_i7_PreySwitch1 vulcap"
TimeSeries,"copyUpdated NWACS MICE 5 v2-1-6-Time series grid"
StartYear,1985

Data,"Prey of menhaden 4"

timestep\group,zooplankton,phytoplankton,Detritus,
1,0.6600085,0.1769944,0.1629972
2,0.6600152,0.1769934,0.1629914
3,0.6600294,0.1769874,0.1629832
4,0.6600463,0.1769795,0.1629742
5,0.6600643,0.1769705,0.1629653
6,0.6600826,0.176961,0.1629563
7,0.6601012,0.1769512,0.1629475
8,0.6601202,0.1769411,0.1629386
9,0.6601399,0.1769306,0.1629295
10,0.6601602,0.1769196,0.1629203
11,0.6601814,0.176908,0.1629107
12,0.6602036,0.1768957,0.1629007
13,0.6602264,0.1768827,0.1628909
14,0.6602367,0.1768756,0.1628878
15,0.6602384,0.1768736,0.162888
16,0.6602345,0.1768752,0.1628902
17,0.6602266,0.1768796,0.1628938
18,0.6602157,0.1768859,0.1628985
19,0.6602021,0.1768939,0.1629039
20,0.6601866,0.1769032,0.1629102
21,0.6601689,0.1769138,0.1629174
22,0.6601491,0.1769256,0.1629254
23,0.6601273,0.1769386,0.1629341
24,0.6601036,0.1769527,0.1629437
25,0.6600782,0.176968,0.1629538
26,0.6600552,0.1769825,0.1629623
27,0.6600336,0.1769961,0.1629702
28,0.6600133,0.177009,0.1629777
29,0.6599939,0.1770213,0.1629848
30,0.6599755,0.1770328,0.1629917
31,0.6599578,0.1770439,0.1629983
32,0.659941,0.1770544,0.1630045
33,0.659925,0.1770644,0.1630105
34,0.6599098,0.177074,0.1630162
35,0.6598953,0.177083,0.1630217
36,0.6598814,0.1770917,0.1630269
37,0.6598681,0.1771002,0.1630317
38,0.6598594,0.1771065,0.1630341
39,0.6598529,0.1771115,0.1630357
40,0.6598473,0.1771157,0.163037
41,0.6598418,0.1771197,0.1630384
42,0.6598359,0.177124,0.1630401
43,0.6598292,0.1771286,0.1630422
44,0.6598217,0.1771338,0.1630445
45,0.6598135,0.1771394,0.1630471
46,0.6598048,0.1771453,0.16305
47,0.6597955,0.1771515,0.163053
48,0.6597862,0.1771578,0.163056
49,0.6597769,0.1771642,0.1630589
50,0.659768,0.1771704,0.1630616
51,0.6597595,0.1771764,0.1630641
52,0.6597513,0.1771822,0.1630666
53,0.6597433,0.1771878,0.1630689
54,0.659736,0.177193,0.163071
55,0.6597296,0.1771977,0.1630727
56,0.6597244,0.1772017,0.1630739
57,0.6597205,0.177205,0.1630745
58,0.6597182,0.1772073,0.1630745
59,0.6597175,0.1772087,0.1630738
60,0.6597186,0.177209,0.1630724
61,0.6597211,0.1772084,0.1630705
62,0.6597204,0.1772092,0.1630705
63,0.6597179,0.177211,0.1630711
64,0.6597148,0.1772134,0.1630718
65,0.6597115,0.1772161,0.1630724
66,0.6597087,0.1772186,0.1630727
67,0.6597063,0.1772209,0.1630728
68,0.6597047,0.1772228,0.1630725
69,0.6597039,0.1772243,0.1630718
70,0.6597039,0.1772254,0.1630708
71,0.6597045,0.177226,0.1630695
72,0.6597059,0.1772263,0.1630678
73,0.6597078,0.1772262,0.163066
74,0.6597082,0.1772268,0.163065
75,0.6597078,0.1772279,0.1630643
76,0.6597072,0.1772292,0.1630635
77,0.6597066,0.1772306,0.1630627
78,0.659706,0.1772321,0.1630619
79,0.6597053,0.1772336,0.1630611
80,0.6597047,0.1772352,0.1630602
81,0.6597036,0.1772369,0.1630595
82,0.6597021,0.177239,0.1630589
83,0.6597002,0.1772413,0.1630585
84,0.6596977,0.1772439,0.1630584
85,0.6596943,0.1772469,0.1630588
86,0.6596854,0.1772524,0.1630621
87,0.6596732,0.17726,0.1630667
88,0.6596591,0.1772689,0.1630719
89,0.6596438,0.1772787,0.1630775
90,0.6596278,0.177289,0.1630832
91,0.6596114,0.1772996,0.1630891
92,0.6595947,0.1773103,0.163095
93,0.6595777,0.1773213,0.163101
94,0.6595604,0.1773325,0.1631071
95,0.6595429,0.1773438,0.1631133
96,0.6595251,0.1773553,0.1631196
97,0.659507,0.1773668,0.1631262
98,0.6594865,0.1773795,0.163134
99,0.6594647,0.177393,0.1631422
100,0.6594425,0.1774069,0.1631506
101,0.6594204,0.1774208,0.1631588
102,0.6593986,0.1774345,0.1631669
103,0.6593772,0.1774481,0.1631747
104,0.6593563,0.1774614,0.1631824
105,0.6593356,0.1774744,0.1631899
106,0.6593153,0.1774874,0.1631973
107,0.6592953,0.1775001,0.1632046
108,0.6592755,0.1775126,0.1632118
109,0.659256,0.177525,0.163219
110,0.6592354,0.1775379,0.1632267
111,0.6592146,0.1775509,0.1632344
112,0.6591941,0.1775639,0.163242
113,0.6591742,0.1775766,0.1632493
114,0.6591551,0.1775887,0.1632562
115,0.659137,0.1776004,0.1632627
116,0.6591197,0.1776115,0.1632688
117,0.6591035,0.177622,0.1632746
118,0.659088,0.177632,0.16328
119,0.6590735,0.1776415,0.1632851
120,0.6590599,0.1776503,0.1632897
121,0.6590474,0.1776588,0.1632939
122,0.6590432,0.1776629,0.1632939
123,0.6590446,0.1776636,0.1632919
124,0.6590496,0.1776618,0.1632886
125,0.6590571,0.1776584,0.1632845
126,0.6590664,0.1776538,0.1632798
127,0.6590769,0.1776483,0.1632747
128,0.6590886,0.1776422,0.1632692
129,0.6591013,0.1776354,0.1632633
130,0.6591149,0.1776281,0.163257
131,0.6591295,0.1776201,0.1632503
132,0.6591449,0.1776117,0.1632434
133,0.6591612,0.1776026,0.1632362
134,0.6591743,0.1775951,0.1632306
135,0.6591855,0.1775886,0.1632259
136,0.6591957,0.1775829,0.1632215
137,0.6592053,0.1775775,0.1632172
138,0.6592146,0.1775724,0.163213
139,0.6592239,0.1775673,0.1632088
140,0.6592332,0.1775623,0.1632045
141,0.6592426,0.1775572,0.1632003
142,0.659252,0.177552,0.163196
143,0.6592615,0.1775468,0.1631917
144,0.6592711,0.1775416,0.1631874
145,0.6592808,0.1775363,0.1631829
146,0.6592932,0.1775298,0.163177
147,0.6593072,0.1775223,0.1631705
148,0.6593223,0.1775141,0.1631636
149,0.6593381,0.1775053,0.1631566
150,0.6593543,0.1774963,0.1631494
151,0.6593707,0.1774871,0.1631423
152,0.6593871,0.1774778,0.1631352
153,0.6594033,0.1774686,0.1631282
154,0.6594194,0.1774595,0.1631212
155,0.6594351,0.1774505,0.1631145
156,0.6594505,0.1774417,0.1631079
157,0.6594656,0.1774331,0.1631013
158,0.6594823,0.177424,0.1630937
159,0.6594998,0.1774143,0.1630859
160,0.6595172,0.1774046,0.1630782
161,0.6595344,0.1773949,0.1630707
162,0.659551,0.1773855,0.1630635
163,0.659567,0.1773764,0.1630566
164,0.6595823,0.1773677,0.16305
165,0.6595967,0.1773594,0.1630438
166,0.6596105,0.1773516,0.1630379
167,0.6596236,0.1773441,0.1630323
168,0.659636,0.177337,0.163027
169,0.6596476,0.1773301,0.1630223
170,0.6596552,0.177325,0.1630198
171,0.65966,0.1773215,0.1630184
172,0.6596631,0.1773192,0.1630177
173,0.6596649,0.1773176,0.1630175
174,0.659666,0.1773165,0.1630175
175,0.6596665,0.1773158,0.1630177
176,0.6596668,0.1773153,0.163018
177,0.6596669,0.1773148,0.1630183
178,0.6596668,0.1773143,0.1630188
179,0.6596668,0.1773139,0.1630192
180,0.6596669,0.1773134,0.1630197
181,0.6596669,0.1773128,0.1630203
182,0.6596633,0.1773139,0.1630228
183,0.6596577,0.1773162,0.1630261
184,0.6596512,0.1773192,0.1630296
185,0.6596447,0.1773223,0.163033
186,0.6596386,0.1773252,0.1630362
187,0.6596333,0.1773277,0.1630391
188,0.6596287,0.1773297,0.1630415
189,0.6596252,0.1773311,0.1630436
190,0.6596227,0.177332,0.1630453
191,0.6596211,0.1773322,0.1630467
192,0.6596204,0.1773319,0.1630476
193,0.6596208,0.1773312,0.163048
194,0.6596258,0.1773281,0.1630462
195,0.6596337,0.1773231,0.1630432
196,0.6596438,0.1773168,0.1630394
197,0.6596552,0.1773096,0.1630352
198,0.6596675,0.1773018,0.1630307
199,0.6596803,0.1772937,0.163026
200,0.6596934,0.1772854,0.1630211
201,0.6597067,0.1772771,0.1630162
202,0.65972,0.1772687,0.1630113
203,0.6597334,0.1772603,0.1630063
204,0.6597467,0.177252,0.1630013
205,0.6597599,0.1772436,0.1629964
206,0.6597713,0.1772362,0.1629925
207,0.6597816,0.1772294,0.162989
208,0.6597915,0.177223,0.1629856
209,0.659801,0.1772168,0.1629822
210,0.6598104,0.1772107,0.1629789
211,0.6598197,0.1772047,0.1629755
212,0.6598291,0.1771986,0.1629722
213,0.6598386,0.1771926,0.1629688
214,0.659848,0.1771866,0.1629654
215,0.6598575,0.1771805,0.162962
216,0.6598669,0.1771745,0.1629586
217,0.6598763,0.1771685,0.1629552
218,0.6598867,0.1771621,0.1629513
219,0.6598975,0.1771553,0.1629473
220,0.6599085,0.1771483,0.1629432
221,0.6599195,0.1771413,0.1629392
222,0.6599303,0.1771345,0.1629352
223,0.6599408,0.1771278,0.1629314
224,0.6599509,0.1771214,0.1629277
225,0.6599605,0.1771152,0.1629243
226,0.6599697,0.1771094,0.162921
227,0.6599784,0.1771038,0.1629179
228,0.6599866,0.1770985,0.1629149
229,0.6599944,0.1770936,0.1629121
230,0.6600031,0.1770882,0.1629087
231,0.6600122,0.1770826,0.1629052
232,0.6600215,0.1770769,0.1629016
233,0.6600307,0.1770712,0.1628981
234,0.6600398,0.1770655,0.1628947
235,0.6600487,0.1770599,0.1628914
236,0.6600575,0.1770544,0.1628881
237,0.6600661,0.177049,0.1628849
238,0.6600745,0.1770437,0.1628818
239,0.6600829,0.1770384,0.1628787
240,0.6600912,0.1770332,0.1628756
241,0.6600994,0.177028,0.1628726
242,0.6601077,0.1770228,0.1628695
243,0.6601161,0.1770176,0.1628663
244,0.6601244,0.1770123,0.1628633
245,0.6601322,0.1770074,0.1628604
246,0.6601399,0.1770025,0.1628576
247,0.6601471,0.1769979,0.162855
248,0.660154,0.1769934,0.1628526
249,0.6601606,0.1769892,0.1628502
250,0.6601668,0.1769852,0.162848
251,0.6601728,0.1769813,0.1628459
252,0.6601784,0.1769776,0.162844
253,0.6601838,0.1769741,0.1628421
254,0.6601908,0.1769697,0.1628395
255,0.6601986,0.1769648,0.1628366
256,0.6602069,0.1769595,0.1628336
257,0.6602154,0.1769541,0.1628306
258,0.660224,0.1769485,0.1628275
259,0.6602327,0.1769429,0.1628244
260,0.6602415,0.1769371,0.1628213
261,0.6602505,0.1769314,0.1628181
262,0.6602595,0.1769256,0.162815
263,0.6602687,0.1769196,0.1628117
264,0.6602779,0.1769136,0.1628084
265,0.6602872,0.1769075,0.1628052
266,0.6602952,0.1769021,0.1628027
267,0.660302,0.1768973,0.1628007
268,0.6603081,0.176893,0.1627989
269,0.6603133,0.1768893,0.1627975
270,0.6603178,0.1768859,0.1627962
271,0.6603218,0.1768829,0.1627952
272,0.6603251,0.1768804,0.1627945
273,0.6603279,0.1768782,0.1627939
274,0.66033,0.1768764,0.1627936
275,0.6603315,0.1768749,0.1627935
276,0.6603327,0.1768737,0.1627936
277,0.6603333,0.1768727,0.1627939
278,0.6603316,0.1768729,0.1627955
279,0.6603284,0.176874,0.1627976
280,0.6603244,0.1768755,0.1628
281,0.6603199,0.1768775,0.1628025
282,0.6603153,0.1768797,0.1628051
283,0.6603103,0.176882,0.1628077
284,0.6603053,0.1768844,0.1628103
285,0.6603003,0.1768868,0.162813
286,0.6602951,0.1768892,0.1628156
287,0.6602899,0.1768917,0.1628184
288,0.6602845,0.1768943,0.1628211
289,0.6602793,0.176897,0.1628238
290,0.6602781,0.1768974,0.1628245
291,0.6602795,0.1768963,0.1628242
292,0.6602823,0.1768942,0.1628235
293,0.6602857,0.1768917,0.1628227
294,0.6602891,0.176889,0.1628219
295,0.6602923,0.1768865,0.1628212
296,0.6602951,0.1768842,0.1628207
297,0.6602973,0.1768822,0.1628204
298,0.6602989,0.1768807,0.1628204
299,0.6603001,0.1768794,0.1628206
300,0.6603006,0.1768785,0.1628209
301,0.6603007,0.1768779,0.1628214
302,0.6602969,0.1768796,0.1628235
303,0.6602905,0.176883,0.1628265
304,0.6602826,0.1768874,0.16283
305,0.6602738,0.1768924,0.1628337
306,0.6602649,0.1768975,0.1628375
307,0.660256,0.1769027,0.1628413
308,0.6602473,0.1769078,0.1628449
309,0.660239,0.1769126,0.1628484
310,0.6602312,0.1769171,0.1628517
311,0.6602238,0.1769214,0.1628548
312,0.6602168,0.1769255,0.1628577
313,0.6602101,0.1769292,0.1628606
314,0.6602032,0.1769331,0.1628638
315,0.660196,0.176937,0.162867
316,0.6601888,0.1769409,0.1628703
317,0.6601815,0.1769449,0.1628735
318,0.6601744,0.176949,0.1628767
319,0.6601672,0.176953,0.1628799
320,0.66016,0.176957,0.162883
321,0.660153,0.176961,0.162886
322,0.660146,0.176965,0.162889
323,0.6601391,0.1769689,0.1628919
324,0.6601325,0.1769727,0.1628948
325,0.6601259,0.1769764,0.1628976
326,0.6601181,0.1769807,0.1629012
327,0.6601096,0.1769854,0.162905
328,0.6601009,0.1769902,0.1629089
329,0.6600921,0.1769952,0.1629127
330,0.6600835,0.1770001,0.1629164
331,0.6600749,0.177005,0.16292
332,0.6600667,0.1770098,0.1629236
333,0.6600586,0.1770145,0.162927
334,0.6600505,0.1770191,0.1629303
335,0.6600428,0.1770237,0.1629335
336,0.6600351,0.1770283,0.1629367
337,0.6600275,0.1770327,0.1629398
338,0.6600193,0.1770374,0.1629433
339,0.6600111,0.1770422,0.1629468
340,0.6600028,0.177047,0.1629502
341,0.6599948,0.1770516,0.1629535
342,0.6599873,0.1770561,0.1629566
343,0.65998,0.1770605,0.1629595
344,0.659973,0.1770647,0.1629624
345,0.6599661,0.1770688,0.1629651
346,0.6599593,0.1770728,0.1629679
347,0.6599526,0.1770768,0.1629705
348,0.659946,0.1770809,0.1629732
349,0.6599393,0.1770849,0.1629757
350,0.6599343,0.1770883,0.1629774
351,0.6599302,0.1770912,0.1629786
352,0.6599266,0.1770937,0.1629797
353,0.6599233,0.177096,0.1629807
354,0.6599202,0.1770982,0.1629816
355,0.6599172,0.1771002,0.1629826
356,0.6599143,0.1771023,0.1629834
357,0.6599115,0.1771042,0.1629843
358,0.6599087,0.1771062,0.1629851
359,0.659906,0.1771081,0.162986
360,0.6599032,0.17711,0.1629868
361,0.6599006,0.177112,0.1629875
362,0.6598989,0.1771135,0.1629876
363,0.6598976,0.1771149,0.1629875
364,0.6598963,0.1771162,0.1629876
365,0.6598947,0.1771176,0.1629877
366,0.6598929,0.1771191,0.162988
367,0.6598908,0.1771208,0.1629884
368,0.6598883,0.1771227,0.162989
369,0.6598856,0.1771248,0.1629897
370,0.6598827,0.1771269,0.1629905
371,0.6598795,0.1771292,0.1629914
372,0.6598761,0.1771316,0.1629923
373,0.6598725,0.177134,0.1629934
374,0.6598687,0.1771366,0.1629948
375,0.6598645,0.1771392,0.1629963
376,0.6598599,0.1771421,0.162998
377,0.659855,0.1771451,0.1629998
378,0.6598499,0.1771484,0.1630018
379,0.6598443,0.1771518,0.1630038
380,0.6598386,0.1771553,0.163006
381,0.6598327,0.1771591,0.1630083
382,0.6598266,0.1771628,0.1630106
383,0.6598204,0.1771667,0.163013
384,0.659814,0.1771705,0.1630154
385,0.6598076,0.1771745,0.163018
386,0.6598002,0.1771787,0.1630211
387,0.6597921,0.1771833,0.1630246
388,0.6597839,0.1771881,0.1630281
389,0.6597754,0.177193,0.1630316
390,0.659767,0.1771979,0.1630351
391,0.6597584,0.1772028,0.1630387
392,0.6597499,0.1772078,0.1630422
393,0.6597414,0.1772128,0.1630458
394,0.6597328,0.1772178,0.1630494
395,0.6597242,0.1772228,0.1630531
396,0.6597155,0.1772278,0.1630567
