EwEVersion,"6.6.5.17207 (compiled 12/14/2020)"
Date,"2/8/2022 10:45:12 PM"
ModelName,"NWACS AM 7ages updateF"
EcosimScenario,"sim3.5_ts1_fit28v_i7_PreySwitch1 vulcap"
TimeSeries,"copyUpdated NWACS MICE 5 v2-1-6-Time series grid"
StartYear,1985

Data,"Prey of menhaden 6+"

timestep\group,zooplankton,phytoplankton,Detritus,
1,0.6599977,0.1769999,0.1630024
2,0.6601953,0.1768997,0.162905
3,0.6605539,0.1767146,0.1627315
4,0.6610631,0.1764506,0.1624863
5,0.6617094,0.1761148,0.1621758
6,0.6624804,0.1757138,0.1618058
7,0.6633653,0.1752534,0.1613813
8,0.6643547,0.1747385,0.1609068
9,0.6654398,0.1741737,0.1603865
10,0.6666126,0.1735633,0.1598242
11,0.6678658,0.1729108,0.1592235
12,0.6691926,0.1722199,0.1585875
13,0.6705864,0.1714937,0.1579199
14,0.6704866,0.1715439,0.1579694
15,0.6703007,0.1716396,0.1580597
16,0.6700358,0.171777,0.1581871
17,0.6696978,0.1719531,0.1583491
18,0.6692916,0.172165,0.1585434
19,0.6688213,0.1724106,0.1587681
20,0.6682907,0.1726877,0.1590215
21,0.6677031,0.1729947,0.1593022
22,0.6670614,0.17333,0.1596086
23,0.6663685,0.1736921,0.1599394
24,0.6656271,0.1740795,0.1602934
25,0.6648399,0.1744911,0.160669
26,0.664542,0.1746485,0.1608095
27,0.6644409,0.1747035,0.1608556
28,0.6645219,0.1746636,0.1608144
29,0.664772,0.1745357,0.1606924
30,0.6651792,0.1743258,0.160495
31,0.6657325,0.1740399,0.1602277
32,0.666422,0.1736829,0.1598952
33,0.6672385,0.1732597,0.1595018
34,0.6681733,0.172775,0.1590518
35,0.6692185,0.1722327,0.1585488
36,0.6703666,0.1716368,0.1579967
37,0.6716106,0.170991,0.1573983
38,0.6728783,0.1703332,0.1567885
39,0.6740477,0.1697263,0.156226
40,0.6751227,0.1691682,0.155709
41,0.6761076,0.1686569,0.1552355
42,0.6770068,0.1681902,0.1548031
43,0.6778244,0.1677658,0.1544098
44,0.6785648,0.1673817,0.1540535
45,0.6792324,0.1670356,0.153732
46,0.6798314,0.1667252,0.1534434
47,0.6803659,0.1664484,0.1531857
48,0.6808397,0.1662033,0.1529571
49,0.6812567,0.1659877,0.1527557
50,0.6820731,0.1655643,0.1523625
51,0.6828356,0.165169,0.1519954
52,0.6835471,0.1648001,0.1516528
53,0.6842108,0.1644561,0.1513331
54,0.6848296,0.1641354,0.151035
55,0.6854063,0.1638365,0.1507571
56,0.6859435,0.1635582,0.1504983
57,0.6864436,0.1632992,0.1502573
58,0.6869084,0.1630582,0.1500333
59,0.6873403,0.1628344,0.1498253
60,0.6877407,0.1626269,0.1496324
61,0.6881112,0.1624346,0.1494542
62,0.6886715,0.1621434,0.1491851
63,0.6893775,0.1617765,0.148846
64,0.6902177,0.16134,0.1484424
65,0.6911812,0.1608393,0.1479794
66,0.6922582,0.1602798,0.1474621
67,0.6934387,0.1596663,0.146895
68,0.6947136,0.1590037,0.1462827
69,0.6960742,0.1582965,0.1456293
70,0.697512,0.1575491,0.1449389
71,0.6990188,0.1567658,0.1442155
72,0.7005866,0.1559505,0.1434628
73,0.7022079,0.1551074,0.1426847
74,0.7036636,0.1543504,0.141986
75,0.7052291,0.1535363,0.1412346
76,0.7068681,0.1526841,0.1404479
77,0.7085521,0.1518084,0.1396395
78,0.7102603,0.1509202,0.1388196
79,0.7119774,0.1500273,0.1379953
80,0.7136932,0.1491351,0.1371717
81,0.7154015,0.1482469,0.1363517
82,0.717099,0.1473642,0.1355368
83,0.7187852,0.1464874,0.1347273
84,0.7204618,0.1456157,0.1339225
85,0.7221311,0.1447477,0.1331213
86,0.7232983,0.1441408,0.132561
87,0.7242049,0.1436697,0.1321254
88,0.7248855,0.1433167,0.1317979
89,0.7253706,0.1430655,0.1315639
90,0.7256872,0.1429023,0.1314105
91,0.7258586,0.1428146,0.1313267
92,0.7259052,0.1427921,0.1313027
93,0.7258443,0.1428256,0.1313302
94,0.7256902,0.1429075,0.1314023
95,0.7254558,0.1430313,0.1315129
96,0.7251511,0.1431918,0.1316572
97,0.7247834,0.143385,0.1318318
98,0.7239686,0.1438108,0.1322206
99,0.7230324,0.1443001,0.1326675
100,0.7219757,0.1448522,0.1331721
101,0.7207981,0.1454673,0.1337346
102,0.7194983,0.1461461,0.1343556
103,0.7180748,0.1468893,0.1350359
104,0.7165259,0.1476979,0.1357763
105,0.7148498,0.1485726,0.1365777
106,0.7130457,0.149514,0.1374404
107,0.7111086,0.1505246,0.1383669
108,0.709038,0.1516047,0.1393573
109,0.7068348,0.1527539,0.1404114
110,0.7043487,0.1540502,0.1416011
111,0.7018296,0.1553639,0.1428065
112,0.6992729,0.1566973,0.1440299
113,0.696676,0.1580514,0.1452725
114,0.6940395,0.1594263,0.1465342
115,0.6913653,0.1608208,0.1478139
116,0.688657,0.1622329,0.14911
117,0.685919,0.1636604,0.1504205
118,0.6831563,0.1651008,0.1517429
119,0.6803738,0.1665514,0.1530747
120,0.6775766,0.1680096,0.1544138
121,0.6747681,0.1694738,0.1557581
122,0.6721582,0.1708345,0.1570073
123,0.6696931,0.1721194,0.1581876
124,0.6673517,0.1733393,0.159309
125,0.6651159,0.1745039,0.1603802
126,0.6629705,0.1756211,0.1614083
127,0.6609019,0.1766982,0.1623999
128,0.6588985,0.1777412,0.1633603
129,0.65695,0.1787554,0.1642946
130,0.6550477,0.1797456,0.1652067
131,0.6531842,0.1807154,0.1661004
132,0.6513535,0.1816681,0.1669785
133,0.6495508,0.1826059,0.1678433
134,0.6478874,0.1834711,0.1686415
135,0.6463861,0.1842519,0.1693619
136,0.6450371,0.1849537,0.1700092
137,0.6438309,0.1855813,0.1705878
138,0.6427591,0.186139,0.171102
139,0.6418134,0.186631,0.1715556
140,0.6409863,0.1870613,0.1719524
141,0.6402707,0.1874336,0.1722957
142,0.6396595,0.1877515,0.172589
143,0.6391463,0.1880184,0.1728354
144,0.6387247,0.1882375,0.1730378
145,0.6383892,0.188412,0.1731988
146,0.6381632,0.1885295,0.1733072
147,0.6379755,0.1886271,0.1733975
148,0.637832,0.1887013,0.1734667
149,0.6377363,0.1887506,0.1735131
150,0.6376901,0.188774,0.173536
151,0.6376931,0.1887717,0.1735353
152,0.6377441,0.1887443,0.1735115
153,0.6378416,0.1886928,0.1734656
154,0.637983,0.1886184,0.1733986
155,0.6381657,0.1885224,0.1733119
156,0.638387,0.1884064,0.1732066
157,0.6386445,0.1882716,0.1730838
158,0.6389126,0.1881316,0.1729558
159,0.6391175,0.1880244,0.1728581
160,0.6392744,0.187942,0.1727835
161,0.6393968,0.1878776,0.1727256
162,0.6394962,0.187825,0.1726788
163,0.6395826,0.1877793,0.1726382
164,0.6396641,0.187736,0.1725999
165,0.639748,0.1876916,0.1725604
166,0.6398398,0.187643,0.1725171
167,0.6399444,0.1875879,0.1724677
168,0.6400653,0.1875242,0.1724105
169,0.6402054,0.1874504,0.1723441
170,0.6401902,0.1874571,0.1723527
171,0.6401362,0.1874842,0.1723795
172,0.6400613,0.1875224,0.1724163
173,0.6399789,0.1875646,0.1724565
174,0.6399,0.1876052,0.1724949
175,0.6398326,0.1876397,0.1725276
176,0.6397831,0.1876651,0.1725518
177,0.6397559,0.1876788,0.1725653
178,0.6397543,0.1876792,0.1725665
179,0.6397803,0.1876652,0.1725545
180,0.6398349,0.1876363,0.1725288
181,0.6399184,0.1875921,0.1724895
182,0.6399859,0.1875562,0.1724579
183,0.6401495,0.1874704,0.1723801
184,0.6404086,0.1873351,0.1722563
185,0.6407617,0.1871511,0.1720873
186,0.6412067,0.1869192,0.1718742
187,0.641741,0.1866408,0.1716182
188,0.6423616,0.1863174,0.171321
189,0.6430649,0.1859509,0.1709842
190,0.6438469,0.1855434,0.1706097
191,0.6447035,0.185097,0.1701995
192,0.6456284,0.1846149,0.1697566
193,0.6466162,0.1841002,0.1692836
194,0.6477302,0.1835198,0.16875
195,0.6488864,0.1829172,0.1681964
196,0.6500708,0.1822996,0.1676296
197,0.6512725,0.1816729,0.1670546
198,0.6524835,0.1810412,0.1664754
199,0.6536976,0.1804078,0.1658947
200,0.6549104,0.179775,0.1653146
201,0.6561189,0.1791445,0.1647366
202,0.6573212,0.1785173,0.1641615
203,0.6585165,0.1778937,0.1635898
204,0.6597045,0.1772739,0.1630215
205,0.6608857,0.1766577,0.1624566
206,0.6618955,0.1761306,0.1619739
207,0.6627718,0.1756731,0.1615551
208,0.6635319,0.1752761,0.161192
209,0.6641906,0.174932,0.1608773
210,0.6647606,0.1746342,0.1606052
211,0.6652523,0.1743771,0.1603705
212,0.6656751,0.174156,0.160169
213,0.6660359,0.173967,0.159997
214,0.6663412,0.1738071,0.1598517
215,0.6665956,0.1736736,0.1597308
216,0.6668034,0.1735643,0.1596323
217,0.6669676,0.1734778,0.1595546
218,0.6671237,0.1733954,0.1594809
219,0.6672514,0.1733278,0.1594208
220,0.6673487,0.173276,0.1593753
221,0.6674137,0.173241,0.1593454
222,0.6674442,0.1732239,0.1593319
223,0.667438,0.1732259,0.1593361
224,0.6673936,0.1732479,0.1593585
225,0.6673092,0.1732907,0.1594001
226,0.6671838,0.1733549,0.1594613
227,0.6670162,0.1734411,0.1595427
228,0.6668062,0.1735494,0.1596444
229,0.666553,0.1736803,0.1597667
230,0.6663986,0.1737598,0.1598416
231,0.6663268,0.1737964,0.1598769
232,0.6663209,0.1737986,0.1598806
233,0.6663663,0.1737741,0.1598597
234,0.6664542,0.1737274,0.1598184
235,0.666578,0.173662,0.15976
236,0.6667327,0.1735806,0.1596867
237,0.6669147,0.173485,0.1596003
238,0.6671216,0.1733764,0.159502
239,0.6673516,0.1732558,0.1593926
240,0.6676036,0.1731237,0.1592726
241,0.667877,0.1729806,0.1591424
242,0.6682854,0.1727672,0.1589474
243,0.6686689,0.1725668,0.1587643
244,0.6690361,0.1723748,0.1585891
245,0.6693937,0.1721878,0.1584185
246,0.6697469,0.1720032,0.15825
247,0.6700991,0.171819,0.1580819
248,0.670453,0.1716341,0.157913
249,0.6708096,0.1714477,0.1577427
250,0.6711693,0.1712597,0.157571
251,0.671532,0.1710702,0.1573977
252,0.6718967,0.1708797,0.1572236
253,0.6722621,0.1706889,0.157049
254,0.6725944,0.1705152,0.1568904
255,0.6729872,0.1703099,0.1567028
256,0.6734335,0.1700768,0.1564897
257,0.6739274,0.1698188,0.1562538
258,0.6744636,0.1695388,0.1559977
259,0.6750374,0.1692391,0.1557235
260,0.6756448,0.1689219,0.1554332
261,0.6762819,0.1685894,0.1551288
262,0.6769449,0.1682432,0.1548119
263,0.6776307,0.1678853,0.1544841
264,0.678336,0.1675171,0.1541469
265,0.6790577,0.1671404,0.1538019
266,0.6797652,0.166771,0.1534638
267,0.6804507,0.1664131,0.1531362
268,0.6811145,0.1660666,0.152819
269,0.6817563,0.1657316,0.1525121
270,0.6823766,0.165408,0.1522155
271,0.6829752,0.1650956,0.1519292
272,0.6835527,0.1647943,0.151653
273,0.6841092,0.164504,0.1513868
274,0.6846451,0.1642245,0.1511304
275,0.6851611,0.1639553,0.1508836
276,0.6856579,0.1636963,0.1506459
277,0.6861359,0.1634469,0.1504172
278,0.686498,0.1632578,0.1502442
279,0.6868145,0.1630925,0.1500929
280,0.6870919,0.1629478,0.1499604
281,0.6873354,0.1628207,0.1498438
282,0.6875504,0.1627086,0.1497411
283,0.6877404,0.1626094,0.1496501
284,0.6879096,0.1625212,0.1495692
285,0.6880608,0.1624423,0.1494969
286,0.6881968,0.1623714,0.1494319
287,0.68832,0.162307,0.149373
288,0.6884328,0.1622482,0.1493191
289,0.6885373,0.1621937,0.149269
290,0.6885775,0.1621726,0.1492499
291,0.68849,0.1622178,0.1492922
292,0.6882856,0.1623235,0.1493908
293,0.6879739,0.162485,0.1495411
294,0.6875632,0.162698,0.1497388
295,0.6870607,0.1629587,0.1499806
296,0.6864728,0.1632638,0.1502634
297,0.685805,0.1636105,0.1505844
298,0.6850622,0.1639964,0.1509414
299,0.6842487,0.164419,0.1513322
300,0.6833681,0.1648766,0.1517552
301,0.6824237,0.1653676,0.1522088
302,0.6815171,0.165839,0.1526438
303,0.6806149,0.1663085,0.1530766
304,0.6797119,0.1667787,0.1535095
305,0.678804,0.1672515,0.1539445
306,0.6778886,0.1677283,0.1543832
307,0.6769634,0.1682101,0.1548264
308,0.6760274,0.1686977,0.155275
309,0.6750794,0.1691914,0.1557292
310,0.6741194,0.1696914,0.1561893
311,0.6731471,0.1701977,0.1566552
312,0.6721631,0.17071,0.1571269
313,0.6711676,0.1712283,0.1576042
314,0.6701654,0.1717499,0.1580847
315,0.6692094,0.1722475,0.1585431
316,0.6682941,0.172724,0.158982
317,0.6674147,0.1731817,0.1594037
318,0.6665664,0.1736233,0.1598103
319,0.6657454,0.1740508,0.1602039
320,0.6649476,0.1744662,0.1605863
321,0.6641697,0.1748712,0.1609591
322,0.6634083,0.1752677,0.161324
323,0.6626606,0.1756571,0.1616823
324,0.6619235,0.1760409,0.1620355
325,0.6611943,0.1764206,0.1623851
326,0.6605215,0.1767708,0.1627077
327,0.6599496,0.1770686,0.1629818
328,0.6594636,0.1773217,0.1632146
329,0.6590512,0.1775367,0.1634121
330,0.6587029,0.1777184,0.1635788
331,0.6584108,0.1778708,0.1637184
332,0.6581685,0.1779973,0.1638342
333,0.657971,0.1781006,0.1639284
334,0.6578139,0.1781828,0.1640033
335,0.6576939,0.1782458,0.1640603
336,0.6576082,0.1782909,0.1641009
337,0.6575548,0.1783192,0.164126
338,0.6572939,0.1784554,0.1642507
339,0.6569474,0.1786361,0.1644165
340,0.6565266,0.1788556,0.1646178
341,0.656041,0.1791088,0.1648502
342,0.6554988,0.1793914,0.1651098
343,0.6549063,0.1797002,0.1653935
344,0.6542694,0.1800321,0.1656985
345,0.6535927,0.1803847,0.1660225
346,0.6528805,0.1807557,0.1663637
347,0.6521363,0.1811435,0.1667202
348,0.6513631,0.1815464,0.1670906
349,0.6505638,0.1819628,0.1674734
350,0.6496804,0.1824233,0.1678964
351,0.6486964,0.1829359,0.1683676
352,0.6476229,0.1834951,0.168882
353,0.6464689,0.1840961,0.169435
354,0.6452424,0.1847347,0.1700228
355,0.6439498,0.1854077,0.1706425
356,0.6425965,0.1861123,0.1712912
357,0.6411871,0.1868461,0.1719669
358,0.6397252,0.1876071,0.1726677
359,0.6382141,0.1883938,0.1733922
360,0.6366561,0.1892048,0.1741391
361,0.6350538,0.190039,0.1749073
362,0.6335049,0.1908455,0.1756497
363,0.6319836,0.1916376,0.1763788
364,0.6304866,0.192417,0.1770964
365,0.6290106,0.1931855,0.1778039
366,0.6275524,0.1939446,0.1785029
367,0.6261092,0.194696,0.1791947
368,0.6246783,0.1954411,0.1798806
369,0.6232575,0.1961808,0.1805617
370,0.6218447,0.1969164,0.1812389
371,0.6204382,0.1976487,0.1819131
372,0.6190361,0.1983788,0.1825852
373,0.6176369,0.1991073,0.1832559
374,0.6163724,0.1997655,0.183862
375,0.6152225,0.2003642,0.1844133
376,0.6141713,0.2009116,0.1849172
377,0.6132058,0.2014143,0.1853799
378,0.6123157,0.2018779,0.1858063
379,0.6114927,0.2023067,0.1862007
380,0.6107298,0.2027042,0.1865661
381,0.6100215,0.2030732,0.1869053
382,0.6093632,0.2034163,0.1872205
383,0.6087515,0.2037352,0.1875134
384,0.6081832,0.2040315,0.1877853
385,0.607656,0.2043063,0.1880377
386,0.6071401,0.2045751,0.1882849
387,0.6066728,0.2048186,0.1885086
388,0.6062545,0.2050368,0.1887088
389,0.6058851,0.2052295,0.1888855
390,0.6055647,0.2053967,0.1890386
391,0.6052933,0.2055385,0.1891682
392,0.6050705,0.205655,0.1892745
393,0.6048961,0.2057463,0.1893576
394,0.6047693,0.2058128,0.1894178
395,0.6046877,0.2058559,0.1894564
396,0.6046504,0.2058758,0.1894737
