EwEVersion,"6.6.5.17207 (compiled 12/14/2020)"
Date,"2/2/2022 5:27:30 PM"
ModelName,"NWACS MICE 5 v2-1-6"
EcosimScenario,"sim3.5_ts1_fit28v_i7_PreySwitch1 vulcap"
TimeSeries,"ts1 tc recommended indices"
StartYear,1985

Data,"Prey of menhaden juv"

timestep\group,zooplankton,phytoplankton,Detritus,
1,0.4204316,0.3012953,0.2782729
2,0.4208474,0.3016109,0.2775416
3,0.4213045,0.3019578,0.2767377
4,0.4217742,0.3023184,0.2759074
5,0.4222494,0.3026866,0.2750639
6,0.4227237,0.3030569,0.2742193
7,0.4231898,0.303423,0.2733871
8,0.4236399,0.3037783,0.2725818
9,0.4240652,0.3041161,0.2718186
10,0.4244574,0.3044297,0.2711128
11,0.4248082,0.3047127,0.270479
12,0.42511,0.3049589,0.269931
13,0.4253556,0.3051631,0.2694813
14,0.4254912,0.3052876,0.2692211
15,0.4255842,0.3053816,0.2690341
16,0.425646,0.3054529,0.2689009
17,0.4256833,0.3055064,0.2688102
18,0.4257031,0.3055468,0.2687501
19,0.4257105,0.3055778,0.2687117
20,0.425709,0.305602,0.2686889
21,0.4257011,0.3056212,0.2686776
22,0.4256888,0.3056367,0.2686743
23,0.4256737,0.3056498,0.2686764
24,0.4256568,0.3056613,0.2686819
25,0.4256394,0.305672,0.2686885
26,0.4255917,0.3056598,0.2687485
27,0.4255204,0.3056287,0.2688508
28,0.425429,0.3055811,0.2689897
29,0.4253203,0.3055193,0.2691603
30,0.4251971,0.3054456,0.2693572
31,0.4250627,0.3053624,0.2695748
32,0.4249104,0.305265,0.2698245
33,0.4247446,0.3051567,0.2700985
34,0.4245707,0.3050418,0.2703873
35,0.4243949,0.3049248,0.2706802
36,0.4242232,0.3048103,0.2709666
37,0.4240615,0.3047029,0.2712355
38,0.4239505,0.3046329,0.2714165
39,0.4238918,0.3046013,0.2715068
40,0.4238805,0.3046052,0.2715142
41,0.4239109,0.3046403,0.2714486
42,0.4239756,0.3047015,0.2713228
43,0.4240641,0.3047811,0.2711547
44,0.4241718,0.3048759,0.2709521
45,0.4242956,0.3049833,0.2707211
46,0.4244324,0.305101,0.2704665
47,0.4245799,0.3052275,0.2701925
48,0.4247359,0.3053609,0.2699031
49,0.4248976,0.3054991,0.2696032
50,0.4250851,0.3056584,0.2692565
51,0.4252919,0.3058344,0.2688736
52,0.4255154,0.3060245,0.2684601
53,0.4257525,0.306226,0.2680214
54,0.4260005,0.3064364,0.2675629
55,0.4262563,0.3066532,0.2670905
56,0.4265165,0.3068735,0.2666099
57,0.4267779,0.3070945,0.2661276
58,0.4270368,0.3073134,0.2656497
59,0.4272902,0.3075279,0.2651818
60,0.4275354,0.3077356,0.2647289
61,0.4277702,0.3079349,0.2642948
62,0.4279519,0.3080961,0.263952
63,0.4280812,0.3082185,0.2637001
64,0.4281621,0.3083043,0.2635335
65,0.4281977,0.3083551,0.2634472
66,0.4281905,0.3083729,0.2634365
67,0.4281437,0.3083593,0.263497
68,0.4280596,0.3083165,0.2636238
69,0.4279414,0.3082466,0.2638119
70,0.4277918,0.3081519,0.2640563
71,0.4276139,0.3080345,0.2643515
72,0.4274108,0.3078969,0.2646922
73,0.4271857,0.3077415,0.2650728
74,0.4269562,0.3075827,0.265461
75,0.4267269,0.3074237,0.2658492
76,0.4265015,0.3072677,0.2662306
77,0.4262847,0.3071179,0.2665973
78,0.426081,0.3069776,0.2669413
79,0.4258947,0.3068498,0.2672554
80,0.4257291,0.3067372,0.2675335
81,0.425587,0.3066419,0.267771
82,0.4254701,0.3065649,0.267965
83,0.4253792,0.306507,0.2681138
84,0.4253142,0.3064682,0.2682176
85,0.4252742,0.3064477,0.2682779
86,0.4252445,0.3064346,0.2683208
87,0.425223,0.3064279,0.268349
88,0.4252146,0.3064314,0.268354
89,0.425225,0.3064491,0.2683259
90,0.4252595,0.3064849,0.2682555
91,0.4253227,0.3065422,0.2681351
92,0.4254175,0.3066232,0.2679593
93,0.4255458,0.3067292,0.2677248
94,0.4257082,0.3068607,0.267431
95,0.4259038,0.307017,0.2670791
96,0.4261307,0.3071969,0.2666723
97,0.4263867,0.3073986,0.2662147
98,0.426634,0.3075952,0.2657708
99,0.4268751,0.3077877,0.2653371
100,0.427112,0.3079772,0.2649108
101,0.4273456,0.3081641,0.2644903
102,0.4275745,0.308347,0.2640785
103,0.4277979,0.3085257,0.2636763
104,0.4280154,0.3086994,0.2632852
105,0.4282257,0.3088674,0.2629069
106,0.4284275,0.3090285,0.2625439
107,0.4286191,0.3091818,0.2621991
108,0.4287985,0.3093256,0.2618758
109,0.4289636,0.3094583,0.261578
110,0.4291216,0.3095862,0.2612921
111,0.4292697,0.3097072,0.261023
112,0.4294057,0.3098194,0.2607748
113,0.429528,0.3099216,0.2605504
114,0.4296356,0.3100125,0.2603518
115,0.429728,0.3100916,0.2601803
116,0.4298046,0.3101585,0.2600368
117,0.4298651,0.3102129,0.2599219
118,0.4299093,0.3102545,0.2598362
119,0.4299372,0.3102831,0.2597797
120,0.4299485,0.3102988,0.2597526
121,0.4299435,0.3103017,0.2597547
122,0.4299167,0.3102808,0.2598023
123,0.4298669,0.3102374,0.2598956
124,0.4297934,0.3101723,0.2600342
125,0.4296958,0.3100868,0.2602173
126,0.4295749,0.3099823,0.2604428
127,0.4294319,0.3098602,0.2607078
128,0.4292688,0.3097227,0.2610084
129,0.4290884,0.3095717,0.2613398
130,0.4288938,0.3094098,0.2616963
131,0.4286886,0.3092397,0.2620715
132,0.4284769,0.3090646,0.2624584
133,0.4282627,0.3088872,0.26285
134,0.4280609,0.308721,0.263218
135,0.4278733,0.3085669,0.2635598
136,0.427702,0.3084255,0.2638724
137,0.4275483,0.3082976,0.2641541
138,0.4274127,0.3081836,0.2644037
139,0.4272957,0.3080834,0.2646208
140,0.4271972,0.3079972,0.2648056
141,0.4271173,0.3079247,0.2649579
142,0.4270557,0.3078658,0.2650784
143,0.4270121,0.3078203,0.2651674
144,0.4269861,0.3077879,0.2652259
145,0.4269771,0.3077682,0.2652546
146,0.4269843,0.3077602,0.2652554
147,0.4270096,0.307765,0.2652253
148,0.4270501,0.3077808,0.2651691
149,0.4271024,0.3078052,0.2650923
150,0.4271636,0.3078362,0.2650001
151,0.4272309,0.3078717,0.2648973
152,0.4273017,0.30791,0.2647882
153,0.4273741,0.3079496,0.2646762
154,0.4274462,0.3079893,0.2645643
155,0.4275168,0.308028,0.2644551
156,0.4275846,0.3080648,0.2643505
157,0.4276487,0.308099,0.2642523
158,0.4277149,0.3081354,0.2641497
159,0.4277836,0.3081743,0.264042
160,0.4278522,0.3082137,0.2639341
161,0.4279175,0.3082509,0.2638316
162,0.4279766,0.3082838,0.2637395
163,0.4280271,0.3083104,0.2636624
164,0.4280667,0.3083291,0.2636041
165,0.4280937,0.3083386,0.2635677
166,0.4281066,0.3083375,0.2635559
167,0.4281044,0.3083251,0.2635704
168,0.4280865,0.3083009,0.2636124
169,0.4280521,0.3082643,0.2636835
170,0.4280098,0.3082208,0.2637693
171,0.427957,0.3081698,0.2638732
172,0.4278964,0.3081132,0.2639904
173,0.4278314,0.3080537,0.2641148
174,0.4277668,0.3079949,0.2642382
175,0.4277064,0.3079395,0.2643541
176,0.4276528,0.3078894,0.2644577
177,0.4276079,0.3078457,0.2645464
178,0.4275719,0.3078088,0.2646192
179,0.427545,0.3077786,0.2646764
180,0.4275262,0.3077545,0.2647192
181,0.4275149,0.3077359,0.2647491
182,0.4274735,0.3076967,0.2648298
183,0.4274052,0.3076389,0.2649558
184,0.4273177,0.3075668,0.2651154
185,0.4272178,0.3074856,0.2652966
186,0.427112,0.3073996,0.2654883
187,0.4270061,0.307313,0.2656808
188,0.4269047,0.3072293,0.2658659
189,0.4268118,0.3071513,0.2660368
190,0.4267301,0.3070815,0.2661883
191,0.4266618,0.3070213,0.2663169
192,0.426608,0.3069718,0.2664202
193,0.4265696,0.3069336,0.2664966
194,0.4265459,0.3069038,0.2665502
195,0.4265382,0.3068841,0.2665776
196,0.4265441,0.306873,0.2665828
197,0.4265607,0.3068693,0.2665699
198,0.4265862,0.3068718,0.2665419
199,0.4266187,0.3068797,0.2665016
200,0.4266573,0.3068924,0.2664501
201,0.4267016,0.3069097,0.2663886
202,0.426751,0.3069312,0.2663177
203,0.426805,0.3069567,0.2662383
204,0.426863,0.3069856,0.2661515
205,0.4269238,0.307017,0.2660592
206,0.427006,0.3070658,0.2659281
207,0.4271019,0.3071262,0.2657717
208,0.4272076,0.307195,0.2655973
209,0.4273196,0.3072695,0.2654109
210,0.4274351,0.307347,0.2652178
211,0.4275513,0.3074253,0.2650233
212,0.4276654,0.3075026,0.2648319
213,0.4277752,0.3075766,0.2646481
214,0.4278785,0.3076459,0.2644756
215,0.4279735,0.3077089,0.2643176
216,0.4280587,0.3077646,0.2641766
217,0.4281331,0.3078122,0.2640546
218,0.4281799,0.3078377,0.2639824
219,0.4282027,0.3078442,0.263953
220,0.428204,0.3078341,0.2639619
221,0.428186,0.3078091,0.2640049
222,0.4281504,0.3077708,0.2640786
223,0.4280992,0.3077207,0.26418
224,0.4280338,0.30766,0.2643062
225,0.4279556,0.3075899,0.2644545
226,0.4278664,0.3075115,0.264622
227,0.4277677,0.3074262,0.264806
228,0.4276614,0.307335,0.2650034
229,0.4275492,0.3072397,0.265211
230,0.4274337,0.307141,0.2654252
231,0.4273162,0.3070404,0.2656434
232,0.4271978,0.3069386,0.2658635
233,0.4270795,0.3068366,0.2660838
234,0.4269622,0.3067352,0.2663026
235,0.4268469,0.3066352,0.2665178
236,0.4267347,0.3065377,0.2667276
237,0.4266269,0.3064434,0.2669297
238,0.4265245,0.3063533,0.2671221
239,0.4264286,0.3062683,0.2673031
240,0.4263402,0.306189,0.2674708
241,0.4262599,0.306116,0.2676241
242,0.4262019,0.3060597,0.2677383
243,0.4261597,0.3060153,0.2678249
244,0.4261307,0.305981,0.2678882
245,0.4261123,0.3059551,0.2679326
246,0.4261025,0.3059358,0.2679616
247,0.4260998,0.3059222,0.267978
248,0.4261028,0.3059131,0.2679839
249,0.4261108,0.3059082,0.2679809
250,0.4261232,0.305907,0.2679698
251,0.4261396,0.3059091,0.2679513
252,0.4261598,0.3059144,0.2679258
253,0.4261835,0.3059226,0.2678939
254,0.4262195,0.3059378,0.2678427
255,0.4262668,0.3059601,0.267773
256,0.4263251,0.30599,0.2676848
257,0.4263938,0.3060275,0.2675786
258,0.4264724,0.3060725,0.267455
259,0.4265597,0.3061244,0.2673157
260,0.4266544,0.3061822,0.2671633
261,0.4267546,0.3062444,0.2670009
262,0.4268582,0.3063098,0.266832
263,0.4269632,0.3063766,0.2666601
264,0.4270675,0.3064434,0.266489
265,0.4271694,0.3065087,0.2663218
266,0.4272508,0.3065598,0.2661893
267,0.4273148,0.3065988,0.2660864
268,0.4273635,0.3066272,0.2660093
269,0.4273992,0.3066463,0.2659543
270,0.427424,0.3066579,0.2659181
271,0.4274394,0.3066631,0.2658975
272,0.4274471,0.306663,0.2658899
273,0.4274485,0.3066584,0.265893
274,0.4274444,0.3066502,0.2659052
275,0.4274358,0.306639,0.2659251
276,0.4274234,0.3066252,0.2659513
277,0.4274077,0.3066091,0.265983
278,0.4273887,0.306591,0.2660202
279,0.4273667,0.3065711,0.2660622
280,0.4273428,0.30655,0.2661071
281,0.4273184,0.3065287,0.2661527
282,0.4272948,0.306508,0.2661971
283,0.4272729,0.3064887,0.2662384
284,0.4272537,0.3064714,0.2662749
285,0.4272379,0.3064567,0.2663053
286,0.4272261,0.3064449,0.2663289
287,0.4272184,0.3064363,0.2663452
288,0.427215,0.3064308,0.2663541
289,0.4272155,0.3064285,0.2663559
290,0.4272222,0.3064265,0.2663513
291,0.4272337,0.3064255,0.2663406
292,0.4272494,0.3064263,0.2663243
293,0.4272689,0.3064294,0.2663016
294,0.4272924,0.3064356,0.2662719
295,0.4273203,0.3064455,0.2662342
296,0.4273529,0.3064595,0.2661875
297,0.4273906,0.306478,0.2661313
298,0.4274337,0.3065012,0.266065
299,0.4274824,0.3065292,0.2659883
300,0.4275368,0.3065621,0.265901
301,0.4275969,0.3065997,0.2658034
302,0.4276555,0.3066432,0.2657012
303,0.4277147,0.3066916,0.2655936
304,0.4277747,0.3067436,0.2654817
305,0.4278349,0.3067972,0.2653679
306,0.4278945,0.3068508,0.2652546
307,0.4279525,0.3069033,0.2651442
308,0.4280078,0.3069537,0.2650384
309,0.4280598,0.3070013,0.2649388
310,0.428108,0.3070455,0.2648464
311,0.428152,0.3070863,0.2647616
312,0.4281915,0.3071235,0.2646849
313,0.4282264,0.3071569,0.2646166
314,0.4282646,0.3071919,0.2645434
315,0.4283048,0.3072278,0.2644673
316,0.4283471,0.3072653,0.2643875
317,0.4283924,0.3073049,0.2643025
318,0.4284411,0.3073472,0.2642116
319,0.4284934,0.3073923,0.2641143
320,0.428549,0.3074401,0.2640109
321,0.4286075,0.3074901,0.2639025
322,0.4286679,0.3075416,0.2637904
323,0.4287293,0.3075942,0.2636764
324,0.4287908,0.3076468,0.2635623
325,0.4288514,0.3076988,0.2634498
326,0.4288958,0.3077384,0.2633657
327,0.4289244,0.3077661,0.2633094
328,0.4289391,0.3077831,0.2632778
329,0.4289415,0.3077907,0.2632678
330,0.4289334,0.3077903,0.2632762
331,0.4289167,0.3077833,0.2632999
332,0.4288932,0.307771,0.2633358
333,0.4288643,0.3077546,0.263381
334,0.4288318,0.3077353,0.2634328
335,0.428797,0.3077143,0.2634887
336,0.4287613,0.3076925,0.2635461
337,0.428726,0.3076709,0.2636031
338,0.4286956,0.307653,0.2636514
339,0.4286713,0.3076396,0.263689
340,0.4286541,0.3076315,0.2637143
341,0.4286448,0.3076293,0.2637259
342,0.4286442,0.3076333,0.2637224
343,0.4286528,0.3076442,0.2637029
344,0.4286709,0.3076619,0.2636671
345,0.4286985,0.3076867,0.2636148
346,0.4287353,0.3077182,0.2635465
347,0.4287807,0.3077563,0.263463
348,0.4288341,0.3078002,0.2633657
349,0.4288943,0.3078494,0.2632562
350,0.4289567,0.3079006,0.2631426
351,0.4290202,0.3079527,0.2630269
352,0.4290833,0.3080048,0.2629118
353,0.4291447,0.3080558,0.2627994
354,0.4292035,0.3081049,0.2626916
355,0.4292588,0.3081516,0.2625895
356,0.4293105,0.3081956,0.2624939
357,0.4293582,0.3082367,0.262405
358,0.4294022,0.3082751,0.2623227
359,0.4294425,0.3083109,0.2622465
360,0.4294797,0.3083444,0.2621758
361,0.4295142,0.3083759,0.2621099
362,0.4295512,0.3084097,0.2620391
363,0.4295912,0.3084463,0.2619624
364,0.4296333,0.3084848,0.2618818
365,0.4296763,0.3085239,0.2617998
366,0.4297183,0.3085626,0.261719
367,0.429758,0.3085997,0.2616422
368,0.4297941,0.3086343,0.2615716
369,0.4298256,0.3086654,0.2615089
370,0.4298518,0.3086925,0.2614556
371,0.4298719,0.3087152,0.2614128
372,0.4298857,0.3087332,0.2613811
373,0.4298928,0.308746,0.2613611
374,0.4298984,0.3087565,0.261345
375,0.4299031,0.3087657,0.2613311
376,0.4299078,0.3087746,0.2613175
377,0.4299136,0.3087842,0.2613022
378,0.4299216,0.3087955,0.2612829
379,0.4299327,0.3088092,0.261258
380,0.4299475,0.3088259,0.2612266
381,0.4299662,0.3088455,0.2611882
382,0.4299888,0.3088681,0.261143
383,0.4300151,0.3088936,0.2610913
384,0.4300447,0.3089215,0.2610337
385,0.4300773,0.3089519,0.2609706
386,0.4301001,0.3089738,0.2609259
387,0.4301161,0.30899,0.2608938
388,0.4301279,0.3090024,0.2608696
389,0.4301379,0.3090132,0.2608488
390,0.4301483,0.3090242,0.2608275
391,0.430161,0.3090368,0.2608022
392,0.4301774,0.3090521,0.2607704
393,0.4301984,0.3090709,0.2607306
394,0.4302247,0.3090936,0.2606817
395,0.4302562,0.3091204,0.2606233
396,0.430293,0.3091512,0.2605557
